1 10.00
2 32.67
3 104.29
4 308.26
5 703.68
6 688.10
7 708.24
8 681.89
9 715.82
10 671.29
11 728.17
12 653.19
13 747.56
14 622.76
15 775.27
16 574.95
17 806.46
18 515.07
19 824.25
20 478.04
21 823.41
22 479.84
23 823.66
24 479.31
25 823.59
26 479.46
27 823.61
28 479.42
29 823.60
30 479.43
31 823.60
32 479.43
33 823.60
34 479.43
35 823.60
36 479.43
37 823.60
38 479.43
39 823.60
40 479.43
41 823.60
42 479.43
43 823.60
44 479.43
45 823.60
46 479.43
47 823.60
48 479.43
49 823.60
50 479.43
51 823.60
52 479.43
53 823.60
54 479.43
55 823.60
56 479.43
57 823.60
58 479.43
59 823.60
60 479.43
61 823.60
62 479.43
63 823.60
64 479.43
65 823.60
66 479.43
67 823.60
68 479.43
69 823.60
70 479.43
71 823.60
72 479.43
73 823.60
74 479.43
75 823.60
76 479.43
77 823.60
78 479.43
79 823.60
80 479.43
81 823.60
82 479.43
83 823.60
84 479.43
85 823.60
86 479.43
87 823.60
88 479.43
89 823.60
90 479.43
91 823.60
92 479.43
93 823.60
94 479.43
95 823.60
96 479.43
97 823.60
98 479.43
99 823.60
100 479.43
