1 1.00
2 1.10
3 1.21
4 1.33
5 1.46
6 1.60
7 1.76
8 1.93
9 2.12
10 2.33
11 2.55
12 2.80
13 3.07
14 3.37
15 3.69
16 4.05
17 4.44
18 4.86
19 5.32
20 5.82
21 6.36
22 6.95
23 7.60
24 8.29
25 9.05
26 9.86
27 10.74
28 11.69
29 12.70
30 13.80
31 14.97
32 16.22
33 17.55
34 18.97
35 20.47
36 22.05
37 23.72
38 25.48
39 27.31
40 29.22
41 31.20
42 33.25
43 35.36
44 37.52
45 39.73
46 41.96
47 44.22
48 46.49
49 48.77
50 51.03
51 53.26
52 55.47
53 57.63
54 59.74
55 61.79
56 63.77
57 65.67
58 67.50
59 69.23
60 70.89
61 72.45
62 73.92
63 75.30
64 76.59
65 77.80
66 78.92
67 79.96
68 80.92
69 81.81
70 82.63
71 83.38
72 84.07
73 84.71
74 85.28
75 85.81
76 86.29
77 86.73
78 87.13
79 87.49
80 87.82
81 88.12
82 88.39
83 88.63
84 88.86
85 89.06
86 89.24
87 89.40
88 89.55
89 89.68
90 89.81
91 89.91
92 90.01
93 90.10
94 90.18
95 90.25
96 90.32
97 90.38
98 90.43
99 90.48
100 90.52
