1 2.00
2 2.20
3 2.41
4 2.64
5 2.90
6 3.18
7 3.49
8 3.82
9 4.19
10 4.59
11 5.03
12 5.50
13 6.02
14 6.58
15 7.19
16 7.85
17 8.57
18 9.35
19 10.19
20 11.09
21 12.06
22 13.11
23 14.23
24 15.43
25 16.71
26 18.08
27 19.53
28 21.06
29 22.68
30 24.38
31 26.16
32 28.03
33 29.97
34 31.97
35 34.05
36 36.18
37 38.35
38 40.57
39 42.82
40 45.08
41 47.36
42 49.62
43 51.88
44 54.11
45 56.30
46 58.44
47 60.53
48 62.55
49 64.50
50 66.37
51 68.17
52 69.87
53 71.49
54 73.02
55 74.45
56 75.80
57 77.06
58 78.23
59 79.32
60 80.34
61 81.27
62 82.13
63 82.92
64 83.65
65 84.32
66 84.93
67 85.49
68 86.00
69 86.46
70 86.89
71 87.27
72 87.62
73 87.94
74 88.22
75 88.49
76 88.72
77 88.93
78 89.13
79 89.30
80 89.46
81 89.60
82 89.73
83 89.85
84 89.95
85 90.05
86 90.13
87 90.21
88 90.28
89 90.34
90 90.40
91 90.45
92 90.49
93 90.54
94 90.57
95 90.61
96 90.64
97 90.66
98 90.69
99 90.71
100 90.73
