1 3.00
2 3.29
3 3.61
4 3.95
5 4.33
6 4.74
7 5.19
8 5.68
9 6.22
10 6.80
11 7.42
12 8.11
13 8.84
14 9.64
15 10.51
16 11.43
17 12.43
18 13.51
19 14.66
20 15.89
21 17.20
22 18.59
23 20.07
24 21.63
25 23.28
26 25.02
27 26.83
28 28.72
29 30.68
30 32.72
31 34.81
32 36.96
33 39.15
34 41.38
35 43.64
36 45.91
37 48.18
38 50.44
39 52.69
40 54.90
41 57.08
42 59.20
43 61.27
44 63.26
45 65.19
46 67.03
47 68.79
48 70.47
49 72.05
50 73.55
51 74.95
52 76.27
53 77.49
54 78.64
55 79.70
56 80.68
57 81.59
58 82.43
59 83.20
60 83.90
61 84.55
62 85.14
63 85.68
64 86.17
65 86.62
66 87.03
67 87.40
68 87.74
69 88.04
70 88.32
71 88.57
72 88.80
73 89.01
74 89.19
75 89.36
76 89.51
77 89.65
78 89.78
79 89.89
80 89.99
81 90.08
82 90.16
83 90.24
84 90.30
85 90.36
86 90.42
87 90.47
88 90.51
89 90.55
90 90.59
91 90.62
92 90.65
93 90.67
94 90.70
95 90.72
96 90.74
97 90.75
98 90.77
99 90.78
100 90.80
