1 4.00
2 4.38
3 4.80
4 5.25
5 5.75
6 6.29
7 6.87
8 7.51
9 8.20
10 8.94
11 9.75
12 10.62
13 11.56
14 12.57
15 13.65
16 14.81
17 16.05
18 17.37
19 18.78
20 20.27
21 21.84
22 23.50
23 25.24
24 27.07
25 28.97
26 30.94
27 32.98
28 35.08
29 37.24
30 39.44
31 41.67
32 43.93
33 46.20
34 48.47
35 50.73
36 52.97
37 55.18
38 57.35
39 59.47
40 61.53
41 63.51
42 65.43
43 67.26
44 69.01
45 70.67
46 72.25
47 73.73
48 75.12
49 76.43
50 77.65
51 78.78
52 79.83
53 80.80
54 81.70
55 82.53
56 83.29
57 83.99
58 84.63
59 85.21
60 85.75
61 86.23
62 86.68
63 87.08
64 87.45
65 87.78
66 88.08
67 88.36
68 88.60
69 88.83
70 89.03
71 89.22
72 89.38
73 89.53
74 89.67
75 89.79
76 89.90
77 90.00
78 90.09
79 90.17
80 90.24
81 90.31
82 90.37
83 90.42
84 90.47
85 90.52
86 90.55
87 90.59
88 90.62
89 90.65
90 90.68
91 90.70
92 90.72
93 90.74
94 90.76
95 90.77
96 90.79
97 90.80
98 90.81
99 90.82
100 90.83
