1 1.00
2 3.40
3 11.51
4 38.68
5 126.43
6 375.51
7 797.31
8 549.47
9 841.68
10 453.07
11 842.51
12 451.13
13 841.88
14 452.60
15 842.36
16 451.48
17 842.00
18 452.33
19 842.27
20 451.69
21 842.06
22 452.17
23 842.22
24 451.80
25 842.10
26 452.09
27 842.19
28 451.87
29 842.12
30 452.03
31 842.18
32 451.91
33 842.14
34 452.00
35 842.17
36 451.93
37 842.14
38 451.99
39 842.16
40 451.95
41 842.15
42 451.98
43 842.16
44 451.95
45 842.15
46 451.97
47 842.16
48 451.96
49 842.15
50 451.97
51 842.16
52 451.96
53 842.15
54 451.97
55 842.16
56 451.96
57 842.15
58 451.96
59 842.15
60 451.96
61 842.15
62 451.96
63 842.15
64 451.96
65 842.15
66 451.96
67 842.15
68 451.96
69 842.15
70 451.96
71 842.15
72 451.96
73 842.15
74 451.96
75 842.15
76 451.96
77 842.15
78 451.96
79 842.15
80 451.96
81 842.15
82 451.96
83 842.15
84 451.96
85 842.15
86 451.96
87 842.15
88 451.96
89 842.15
90 451.96
91 842.15
92 451.96
93 842.15
94 451.96
95 842.15
96 451.96
97 842.15
98 451.96
99 842.15
100 451.96
