1 2.00
2 6.79
3 22.92
4 76.13
5 239.14
6 618.64
7 802.14
8 539.62
9 844.66
10 446.10
11 840.12
12 456.67
13 843.62
14 448.55
15 841.00
16 454.64
17 843.01
18 449.98
19 841.49
20 453.50
21 842.65
22 450.81
23 841.77
24 452.85
25 842.44
26 451.30
27 841.94
28 452.47
29 842.32
30 451.58
31 842.03
32 452.26
33 842.25
34 451.74
35 842.08
36 452.13
37 842.21
38 451.83
39 842.11
40 452.06
41 842.19
42 451.89
43 842.13
44 452.02
45 842.17
46 451.92
47 842.14
48 452.00
49 842.17
50 451.94
51 842.15
52 451.98
53 842.16
54 451.95
55 842.15
56 451.97
57 842.16
58 451.95
59 842.15
60 451.97
61 842.16
62 451.96
63 842.15
64 451.97
65 842.16
66 451.96
67 842.15
68 451.97
69 842.16
70 451.96
71 842.15
72 451.96
73 842.15
74 451.96
75 842.15
76 451.96
77 842.15
78 451.96
79 842.15
80 451.96
81 842.15
82 451.96
83 842.15
84 451.96
85 842.15
86 451.96
87 842.15
88 451.96
89 842.15
90 451.96
91 842.15
92 451.96
93 842.15
94 451.96
95 842.15
96 451.96
97 842.15
98 451.96
99 842.15
100 451.96
