1 3.00
2 10.17
3 34.22
4 112.38
5 339.15
6 762.04
7 616.55
8 803.82
9 536.16
10 845.55
11 444.01
12 839.34
13 458.48
14 844.14
15 447.33
16 840.57
17 455.64
18 843.31
19 449.27
20 841.25
21 454.06
22 842.83
23 450.40
24 841.64
25 453.17
26 842.54
27 451.06
28 841.86
29 452.66
30 842.38
31 451.44
32 841.98
33 452.36
34 842.28
35 451.66
36 842.06
37 452.19
38 842.23
39 451.79
40 842.10
41 452.10
42 842.20
43 451.86
44 842.12
45 452.04
46 842.18
47 451.90
48 842.14
49 452.01
50 842.17
51 451.93
52 842.14
53 451.99
54 842.16
55 451.94
56 842.15
57 451.98
58 842.16
59 451.95
60 842.15
61 451.97
62 842.16
63 451.96
64 842.15
65 451.97
66 842.16
67 451.96
68 842.15
69 451.97
70 842.16
71 451.96
72 842.15
73 451.96
74 842.15
75 451.96
76 842.15
77 451.96
78 842.15
79 451.96
80 842.15
81 451.96
82 842.15
83 451.96
84 842.15
85 451.96
86 842.15
87 451.96
88 842.15
89 451.96
90 842.15
91 451.96
92 842.15
93 451.96
94 842.15
95 451.96
96 842.15
97 451.96
98 842.15
99 451.96
100 842.15
