1 4.00
2 13.55
3 45.43
4 147.45
5 427.41
6 832.08
7 475.05
8 847.88
9 438.52
10 837.15
11 463.52
12 845.48
13 444.20
14 839.41
15 458.32
16 844.09
17 447.44
18 840.61
19 455.55
20 843.28
21 449.33
22 841.27
23 454.02
24 842.81
25 450.44
26 841.65
27 453.14
28 842.53
29 451.08
30 841.86
31 452.64
32 842.37
33 451.45
34 841.99
35 452.35
36 842.28
37 451.67
38 842.06
39 452.19
40 842.23
41 451.79
42 842.10
43 452.09
44 842.20
45 451.86
46 842.12
47 452.04
48 842.18
49 451.91
50 842.14
51 452.01
52 842.17
53 451.93
54 842.14
55 451.99
56 842.16
57 451.94
58 842.15
59 451.98
60 842.16
61 451.95
62 842.15
63 451.97
64 842.16
65 451.96
66 842.15
67 451.97
68 842.16
69 451.96
70 842.15
71 451.97
72 842.16
73 451.96
74 842.15
75 451.96
76 842.15
77 451.96
78 842.15
79 451.96
80 842.15
81 451.96
82 842.15
83 451.96
84 842.15
85 451.96
86 842.15
87 451.96
88 842.15
89 451.96
90 842.15
91 451.96
92 842.15
93 451.96
94 842.15
95 451.96
96 842.15
97 451.96
98 842.15
99 451.96
100 842.15
