1 1.00
2 2.50
3 6.23
4 15.47
5 38.08
6 91.59
7 208.00
8 411.83
9 605.57
10 597.14
11 601.41
12 599.29
13 600.35
14 599.82
15 600.09
16 599.96
17 600.02
18 599.99
19 600.01
20 600.00
21 600.00
22 600.00
23 600.00
24 600.00
25 600.00
26 600.00
27 600.00
28 600.00
29 600.00
30 600.00
31 600.00
32 600.00
33 600.00
34 600.00
35 600.00
36 600.00
37 600.00
38 600.00
39 600.00
40 600.00
41 600.00
42 600.00
43 600.00
44 600.00
45 600.00
46 600.00
47 600.00
48 600.00
49 600.00
50 600.00
51 600.00
52 600.00
53 600.00
54 600.00
55 600.00
56 600.00
57 600.00
58 600.00
59 600.00
60 600.00
61 600.00
62 600.00
63 600.00
64 600.00
65 600.00
66 600.00
67 600.00
68 600.00
69 600.00
70 600.00
71 600.00
72 600.00
73 600.00
74 600.00
75 600.00
76 600.00
77 600.00
78 600.00
79 600.00
80 600.00
81 600.00
82 600.00
83 600.00
84 600.00
85 600.00
86 600.00
87 600.00
88 600.00
89 600.00
90 600.00
91 600.00
92 600.00
93 600.00
94 600.00
95 600.00
96 600.00
97 600.00
98 600.00
99 600.00
100 600.00
