1 1.00
2 2.15
3 4.61
4 9.86
5 20.99
6 44.19
7 90.81
8 177.50
9 313.89
10 463.03
11 534.56
12 534.93
13 534.88
14 534.88
15 534.88
16 534.88
17 534.88
18 534.88
19 534.88
20 534.88
21 534.88
22 534.88
23 534.88
24 534.88
25 534.88
26 534.88
27 534.88
28 534.88
29 534.88
30 534.88
31 534.88
32 534.88
33 534.88
34 534.88
35 534.88
36 534.88
37 534.88
38 534.88
39 534.88
40 534.88
41 534.88
42 534.88
43 534.88
44 534.88
45 534.88
46 534.88
47 534.88
48 534.88
49 534.88
50 534.88
51 534.88
52 534.88
53 534.88
54 534.88
55 534.88
56 534.88
57 534.88
58 534.88
59 534.88
60 534.88
61 534.88
62 534.88
63 534.88
64 534.88
65 534.88
66 534.88
67 534.88
68 534.88
69 534.88
70 534.88
71 534.88
72 534.88
73 534.88
74 534.88
75 534.88
76 534.88
77 534.88
78 534.88
79 534.88
80 534.88
81 534.88
82 534.88
83 534.88
84 534.88
85 534.88
86 534.88
87 534.88
88 534.88
89 534.88
90 534.88
91 534.88
92 534.88
93 534.88
94 534.88
95 534.88
96 534.88
97 534.88
98 534.88
99 534.88
100 534.88
