1.00 1.00
1.00 1.00
1.00 1.00
1.00 1.00
1.00 1.00
1.01 1.01
1.01 1.02
1.01 1.03
1.01 1.04
1.01 1.05
1.02 1.02
1.02 1.04
1.02 1.06
1.02 1.08
1.02 1.10
1.03 1.03
1.03 1.06
1.03 1.09
1.03 1.12
1.03 1.15
1.04 1.04
1.04 1.08
1.04 1.12
1.04 1.16
1.04 1.21
1.05 1.05
1.05 1.10
1.05 1.15
1.05 1.21
1.05 1.27
1.06 1.06
1.06 1.12
1.06 1.19
1.06 1.26
1.06 1.33
1.07 1.07
1.07 1.14
1.07 1.22
1.07 1.30
1.07 1.39
1.08 1.08
1.08 1.16
1.08 1.26
1.08 1.35
1.08 1.46
1.09 1.09
1.09 1.19
1.09 1.29
1.09 1.41
1.09 1.53
1.10 1.10
1.10 1.21
1.10 1.33
1.10 1.46
1.10 1.60
1.11 1.11
1.11 1.23
1.11 1.36
1.11 1.51
1.11 1.67
1.12 1.12
1.12 1.25
1.12 1.40
1.12 1.57
1.12 1.75
1.13 1.13
1.13 1.27
1.13 1.44
1.13 1.62
1.13 1.83
1.14 1.14
1.14 1.30
1.14 1.48
1.14 1.68
1.14 1.91
1.15 1.15
1.15 1.32
1.15 1.52
1.15 1.74
1.15 2.00
1.16 1.16
1.16 1.34
1.16 1.56
1.16 1.80
1.16 2.09
1.17 1.17
1.17 1.37
1.17 1.60
1.17 1.86
1.17 2.18
1.18 1.18
1.18 1.39
1.18 1.64
1.18 1.93
1.18 2.27
1.19 1.19
1.19 1.41
1.19 1.68
1.19 1.99
1.19 2.37
1.20 1.20
1.20 1.44
1.20 1.72
1.20 2.06
1.20 2.47
1.21 1.21
1.21 1.46
1.21 1.77
1.21 2.13
1.21 2.57
1.22 1.22
1.22 1.49
1.22 1.81
1.22 2.20
1.22 2.68
1.23 1.23
1.23 1.51
1.23 1.85
1.23 2.28
1.23 2.79
1.24 1.24
1.24 1.53
1.24 1.90
1.24 2.35
1.24 2.91
1.25 1.25
1.25 1.56
1.25 1.95
1.25 2.43
1.25 3.03
1.26 1.26
1.26 1.58
1.26 1.99
1.26 2.51
1.26 3.15
1.27 1.27
1.27 1.61
1.27 2.04
1.27 2.59
1.27 3.28
1.28 1.28
1.28 1.63
1.28 2.09
1.28 2.67
1.28 3.41
1.29 1.29
1.29 1.66
1.29 2.14
1.29 2.75
1.29 3.54
1.30 1.30
1.30 1.69
1.30 2.19
1.30 2.84
1.30 3.68
1.31 1.31
1.31 1.71
1.31 2.24
1.31 2.93
1.31 3.82
1.32 1.32
1.32 1.74
1.32 2.29
1.32 3.02
1.32 3.97
1.33 1.33
1.33 1.76
1.33 2.34
1.33 3.11
1.33 4.12
1.34 1.34
1.34 1.79
1.34 2.40
1.34 3.20
1.34 4.28
1.35 1.35
1.35 1.82
1.35 2.45
1.35 3.30
1.35 4.44
1.36 1.36
1.36 1.85
1.36 2.50
1.36 3.40
1.36 4.61
1.37 1.37
1.37 1.87
1.37 2.56
1.37 3.50
1.37 4.78
1.38 1.38
1.38 1.90
1.38 2.62
1.38 3.60
1.38 4.95
1.39 1.39
1.39 1.93
1.39 2.67
1.39 3.71
1.39 5.13
1.40 1.40
1.40 1.96
1.40 2.73
1.40 3.81
1.40 5.32
1.41 1.41
1.41 1.98
1.41 2.79
1.41 3.92
1.41 5.51
1.42 1.42
1.42 2.01
1.42 2.85
1.42 4.04
1.42 5.71
1.43 1.43
1.43 2.04
1.43 2.91
1.43 4.15
1.43 5.91
1.44 1.44
1.44 2.07
1.44 2.97
1.44 4.27
1.44 6.12
1.45 1.45
1.45 2.10
1.45 3.03
1.45 4.39
1.45 6.33
1.46 1.46
1.46 2.13
1.46 3.10
1.46 4.51
1.46 6.55
1.47 1.47
1.47 2.16
1.47 3.16
1.47 4.63
1.47 6.78
1.48 1.48
1.48 2.18
1.48 3.23
1.48 4.76
1.48 7.01
1.49 1.49
1.49 2.21
1.49 3.29
1.49 4.89
1.49 7.25
1.50 1.50
1.50 2.24
1.50 3.36
1.50 5.02
1.50 7.49
1.51 1.51
1.51 2.27
1.51 3.43
1.51 5.16
1.51 7.75
1.52 1.52
1.52 2.30
1.52 3.49
1.52 5.29
1.52 8.00
1.53 1.53
1.53 2.33
1.53 3.56
1.53 5.43
1.53 8.27
1.54 1.54
1.54 2.37
1.54 3.63
1.54 5.58
1.54 8.54
1.55 1.55
1.55 2.40
1.55 3.71
1.55 5.72
1.55 8.82
1.56 1.56
1.56 2.43
1.56 3.78
1.56 5.87
1.56 9.10
1.57 1.57
1.57 2.46
1.57 3.85
1.57 6.02
1.57 9.40
1.58 1.58
1.58 2.49
1.58 3.92
1.58 6.18
1.58 9.70
1.59 1.59
1.59 2.52
1.59 4.00
1.59 6.33
1.59 10.01
1.60 1.60
1.60 2.55
1.60 4.07
1.60 6.49
1.60 10.32
1.61 1.61
1.61 2.59
1.61 4.15
1.61 6.66
1.61 10.65
1.62 1.62
1.62 2.62
1.62 4.23
1.62 6.82
1.62 10.98
1.63 1.63
1.63 2.65
1.63 4.31
1.63 6.99
1.63 11.32
1.64 1.64
1.64 2.68
1.64 4.39
1.64 7.16
1.64 11.66
1.65 1.65
1.65 2.72
1.65 4.47
1.65 7.34
1.65 12.02
1.66 1.66
1.66 2.75
1.66 4.55
1.66 7.52
1.66 12.39
1.67 1.67
1.67 2.78
1.67 4.63
1.67 7.70
1.67 12.76
1.68 1.68
1.68 2.81
1.68 4.72
1.68 7.88
1.68 13.14
1.69 1.69
1.69 2.85
1.69 4.80
1.69 8.07
1.69 13.53
1.70 1.70
1.70 2.88
1.70 4.89
1.70 8.26
1.70 13.93
1.71 1.71
1.71 2.92
1.71 4.97
1.71 8.46
1.71 14.34
1.72 1.72
1.72 2.95
1.72 5.06
1.72 8.66
1.72 14.76
1.73 1.73
1.73 2.98
1.73 5.15
1.73 8.86
1.73 15.19
1.74 1.74
1.74 3.02
1.74 5.24
1.74 9.07
1.74 15.63
1.75 1.75
1.75 3.05
1.75 5.33
1.75 9.27
1.75 16.08
1.76 1.76
1.76 3.09
1.76 5.42
1.76 9.49
1.76 16.54
1.77 1.77
1.77 3.12
1.77 5.51
1.77 9.70
1.77 17.01
1.78 1.78
1.78 3.16
1.78 5.61
1.78 9.92
1.78 17.49
1.79 1.79
1.79 3.20
1.79 5.70
1.79 10.15
1.79 17.98
1.80 1.80
1.80 3.23
1.80 5.80
1.80 10.37
1.80 18.48
1.81 1.81
1.81 3.27
1.81 5.89
1.81 10.60
1.81 18.99
1.82 1.82
1.82 3.30
1.82 5.99
1.82 10.84
1.82 19.51
1.83 1.83
1.83 3.34
1.83 6.09
1.83 11.08
1.83 20.05
1.84 1.84
1.84 3.38
1.84 6.19
1.84 11.32
1.84 20.59
1.85 1.85
1.85 3.41
1.85 6.29
1.85 11.57
1.85 21.15
1.86 1.86
1.86 3.45
1.86 6.39
1.86 11.82
1.86 21.72
1.87 1.87
1.87 3.49
1.87 6.50
1.87 12.07
1.87 22.30
1.88 1.88
1.88 3.52
1.88 6.60
1.88 12.33
1.88 22.89
1.89 1.89
1.89 3.56
1.89 6.71
1.89 12.59
1.89 23.50
1.90 1.90
1.90 3.60
1.90 6.81
1.90 12.86
1.90 24.12
1.91 1.91
1.91 3.64
1.91 6.92
1.91 13.13
1.91 24.75
1.92 1.92
1.92 3.68
1.92 7.03
1.92 13.41
1.92 25.39
1.93 1.93
1.93 3.71
1.93 7.14
1.93 13.68
1.93 26.05
1.94 1.94
1.94 3.75
1.94 7.25
1.94 13.97
1.94 26.72
1.95 1.95
1.95 3.79
1.95 7.37
1.95 14.26
1.95 27.40
1.96 1.96
1.96 3.83
1.96 7.48
1.96 14.55
1.96 28.10
1.97 1.97
1.97 3.87
1.97 7.59
1.97 14.85
1.97 28.81
1.98 1.98
1.98 3.91
1.98 7.71
1.98 15.15
1.98 29.54
1.99 1.99
1.99 3.95
1.99 7.83
1.99 15.45
1.99 30.27
2.00 2.00
2.00 3.99
2.00 7.94
2.00 15.76
2.00 31.03
2.01 2.01
2.01 4.03
2.01 8.06
2.01 16.08
2.01 31.80
2.02 2.02
2.02 4.07
2.02 8.18
2.02 16.40
2.02 32.58
2.03 2.03
2.03 4.11
2.03 8.31
2.03 16.72
2.03 33.38
2.04 2.04
2.04 4.15
2.04 8.43
2.04 17.05
2.04 34.19
2.05 2.05
2.05 4.19
2.05 8.55
2.05 17.38
2.05 35.02
2.06 2.06
2.06 4.23
2.06 8.68
2.06 17.72
2.06 35.86
2.07 2.07
2.07 4.27
2.07 8.80
2.07 18.07
2.07 36.72
2.08 2.08
2.08 4.31
2.08 8.93
2.08 18.41
2.08 37.60
2.09 2.09
2.09 4.35
2.09 9.06
2.09 18.77
2.09 38.49
2.10 2.10
2.10 4.40
2.10 9.19
2.10 19.13
2.10 39.39
2.11 2.11
2.11 4.44
2.11 9.32
2.11 19.49
2.11 40.32
2.12 2.12
2.12 4.48
2.12 9.46
2.12 19.86
2.12 41.26
2.13 2.13
2.13 4.52
2.13 9.59
2.13 20.23
2.13 42.22
2.14 2.14
2.14 4.57
2.14 9.73
2.14 20.61
2.14 43.19
2.15 2.15
2.15 4.61
2.15 9.86
2.15 20.99
2.15 44.19
2.16 2.16
2.16 4.65
2.16 10.00
2.16 21.38
2.16 45.20
2.17 2.17
2.17 4.69
2.17 10.14
2.17 21.78
2.17 46.23
2.18 2.18
2.18 4.74
2.18 10.28
2.18 22.18
2.18 47.27
2.19 2.19
2.19 4.78
2.19 10.42
2.19 22.58
2.19 48.34
2.20 2.20
2.20 4.82
2.20 10.56
2.20 22.99
2.20 49.42
2.21 2.21
2.21 4.87
2.21 10.71
2.21 23.41
2.21 50.52
2.22 2.22
2.22 4.91
2.22 10.85
2.22 23.83
2.22 51.64
2.23 2.23
2.23 4.96
2.23 11.00
2.23 24.26
2.23 52.78
2.24 2.24
2.24 5.00
2.24 11.15
2.24 24.69
2.24 53.94
2.25 2.25
2.25 5.05
2.25 11.30
2.25 25.13
2.25 55.12
2.26 2.26
2.26 5.09
2.26 11.45
2.26 25.57
2.26 56.32
2.27 2.27
2.27 5.14
2.27 11.60
2.27 26.02
2.27 57.54
2.28 2.28
2.28 5.18
2.28 11.75
2.28 26.48
2.28 58.78
2.29 2.29
2.29 5.23
2.29 11.91
2.29 26.94
2.29 60.04
2.30 2.30
2.30 5.27
2.30 12.06
2.30 27.41
2.30 61.32
2.31 2.31
2.31 5.32
2.31 12.22
2.31 27.88
2.31 62.62
2.32 2.32
2.32 5.36
2.32 12.38
2.32 28.36
2.32 63.94
2.33 2.33
2.33 5.41
2.33 12.54
2.33 28.85
2.33 65.28
2.34 2.34
2.34 5.46
2.34 12.70
2.34 29.34
2.34 66.64
2.35 2.35
2.35 5.50
2.35 12.86
2.35 29.84
2.35 68.03
2.36 2.36
2.36 5.55
2.36 13.03
2.36 30.34
2.36 69.44
2.37 2.37
2.37 5.60
2.37 13.19
2.37 30.85
2.37 70.87
2.38 2.38
2.38 5.65
2.38 13.36
2.38 31.37
2.38 72.32
2.39 2.39
2.39 5.69
2.39 13.53
2.39 31.90
2.39 73.80
2.40 2.40
2.40 5.74
2.40 13.70
2.40 32.42
2.40 75.30
2.41 2.41
2.41 5.79
2.41 13.87
2.41 32.96
2.41 76.82
2.42 2.42
2.42 5.84
2.42 14.04
2.42 33.50
2.42 78.36
2.43 2.43
2.43 5.88
2.43 14.22
2.43 34.05
2.43 79.93
2.44 2.44
2.44 5.93
2.44 14.39
2.44 34.61
2.44 81.52
2.45 2.45
2.45 5.98
2.45 14.57
2.45 35.17
2.45 83.14
2.46 2.46
2.46 6.03
2.46 14.75
2.46 35.74
2.46 84.78
2.47 2.47
2.47 6.08
2.47 14.93
2.47 36.32
2.47 86.44
2.48 2.48
2.48 6.13
2.48 15.11
2.48 36.90
2.48 88.13
2.49 2.49
2.49 6.18
2.49 15.29
2.49 37.49
2.49 89.85
2.50 2.50
2.50 6.23
2.50 15.47
2.50 38.08
2.50 91.59
2.51 2.51
2.51 6.28
2.51 15.66
2.51 38.69
2.51 93.35
2.52 2.52
2.52 6.33
2.52 15.85
2.52 39.30
2.52 95.14
2.53 2.53
2.53 6.38
2.53 16.03
2.53 39.92
2.53 96.96
2.54 2.54
2.54 6.43
2.54 16.22
2.54 40.54
2.54 98.80
2.55 2.55
2.55 6.48
2.55 16.42
2.55 41.17
2.55 100.67
2.56 2.56
2.56 6.53
2.56 16.61
2.56 41.81
2.56 102.56
2.57 2.57
2.57 6.58
2.57 16.80
2.57 42.46
2.57 104.48
2.58 2.58
2.58 6.63
2.58 17.00
2.58 43.11
2.58 106.43
2.59 2.59
2.59 6.68
2.59 17.20
2.59 43.77
2.59 108.41
2.60 2.60
2.60 6.74
2.60 17.39
2.60 44.44
2.60 110.41
2.61 2.61
2.61 6.79
2.61 17.60
2.61 45.12
2.61 112.44
2.62 2.62
2.62 6.84
2.62 17.80
2.62 45.80
2.62 114.50
2.63 2.63
2.63 6.89
2.63 18.00
2.63 46.49
2.63 116.58
2.64 2.64
2.64 6.94
2.64 18.21
2.64 47.19
2.64 118.70
2.65 2.65
2.65 7.00
2.65 18.41
2.65 47.89
2.65 120.84
2.66 2.66
2.66 7.05
2.66 18.62
2.66 48.61
2.66 123.01
2.67 2.67
2.67 7.10
2.67 18.83
2.67 49.33
2.67 125.21
2.68 2.68
2.68 7.16
2.68 19.04
2.68 50.06
2.68 127.44
2.69 2.69
2.69 7.21
2.69 19.25
2.69 50.79
2.69 129.70
2.70 2.70
2.70 7.26
2.70 19.47
2.70 51.54
2.70 131.99
2.71 2.71
2.71 7.32
2.71 19.68
2.71 52.29
2.71 134.30
2.72 2.72
2.72 7.37
2.72 19.90
2.72 53.05
2.72 136.65
2.73 2.73
2.73 7.43
2.73 20.12
2.73 53.82
2.73 139.03
2.74 2.74
2.74 7.48
2.74 20.34
2.74 54.60
2.74 141.44
2.75 2.75
2.75 7.53
2.75 20.56
2.75 55.39
2.75 143.87
2.76 2.76
2.76 7.59
2.76 20.79
2.76 56.18
2.76 146.34
2.77 2.77
2.77 7.64
2.77 21.01
2.77 56.98
2.77 148.84
2.78 2.78
2.78 7.70
2.78 21.24
2.78 57.79
2.78 151.37
2.79 2.79
2.79 7.75
2.79 21.47
2.79 58.61
2.79 153.94
2.80 2.80
2.80 7.81
2.80 21.70
2.80 59.44
2.80 156.53
2.81 2.81
2.81 7.87
2.81 21.93
2.81 60.27
2.81 159.15
2.82 2.82
2.82 7.92
2.82 22.16
2.82 61.12
2.82 161.81
2.83 2.83
2.83 7.98
2.83 22.40
2.83 61.97
2.83 164.50
2.84 2.84
2.84 8.03
2.84 22.64
2.84 62.83
2.84 167.22
2.85 2.85
2.85 8.09
2.85 22.87
2.85 63.70
2.85 169.98
2.86 2.86
2.86 8.15
2.86 23.11
2.86 64.58
2.86 172.76
2.87 2.87
2.87 8.21
2.87 23.36
2.87 65.46
2.87 175.58
2.88 2.88
2.88 8.26
2.88 23.60
2.88 66.36
2.88 178.44
2.89 2.89
2.89 8.32
2.89 23.84
2.89 67.27
2.89 181.32
2.90 2.90
2.90 8.38
2.90 24.09
2.90 68.18
2.90 184.24
2.91 2.91
2.91 8.44
2.91 24.34
2.91 69.10
2.91 187.19
2.92 2.92
2.92 8.49
2.92 24.59
2.92 70.03
2.92 190.18
2.93 2.93
2.93 8.55
2.93 24.84
2.93 70.98
2.93 193.20
2.94 2.94
2.94 8.61
2.94 25.09
2.94 71.93
2.94 196.25
2.95 2.95
2.95 8.67
2.95 25.35
2.95 72.89
2.95 199.34
2.96 2.96
2.96 8.73
2.96 25.61
2.96 73.85
2.96 202.46
2.97 2.97
2.97 8.79
2.97 25.86
2.97 74.83
2.97 205.62
2.98 2.98
2.98 8.85
2.98 26.13
2.98 75.82
2.98 208.81
2.99 2.99
2.99 8.90
2.99 26.39
2.99 76.82
2.99 212.04
3.00 3.00
3.00 8.96
3.00 26.65
3.00 77.82
3.00 215.30
3.01 3.01
3.01 9.02
3.01 26.92
3.01 78.84
3.01 218.59
3.02 3.02
3.02 9.08
3.02 27.18
3.02 79.86
3.02 221.93
3.03 3.03
3.03 9.14
3.03 27.45
3.03 80.90
3.03 225.29
3.04 3.04
3.04 9.20
3.04 27.72
3.04 81.94
3.04 228.69
3.05 3.05
3.05 9.26
3.05 28.00
3.05 83.00
3.05 232.13
3.06 3.06
3.06 9.33
3.06 28.27
3.06 84.06
3.06 235.61
3.07 3.07
3.07 9.39
3.07 28.55
3.07 85.14
3.07 239.11
3.08 3.08
3.08 9.45
3.08 28.82
3.08 86.22
3.08 242.66
3.09 3.09
3.09 9.51
3.09 29.10
3.09 87.31
3.09 246.24
3.10 3.10
3.10 9.57
3.10 29.39
3.10 88.42
3.10 249.86
3.11 3.11
3.11 9.63
3.11 29.67
3.11 89.53
3.11 253.51
3.12 3.12
3.12 9.69
3.12 29.95
3.12 90.65
3.12 257.20
3.13 3.13
3.13 9.76
3.13 30.24
3.13 91.79
3.13 260.93
3.14 3.14
3.14 9.82
3.14 30.53
3.14 92.93
3.14 264.69
3.15 3.15
3.15 9.88
3.15 30.82
3.15 94.09
3.15 268.49
3.16 3.16
3.16 9.94
3.16 31.11
3.16 95.25
3.16 272.33
3.17 3.17
3.17 10.01
3.17 31.40
3.17 96.43
3.17 276.20
3.18 3.18
3.18 10.07
3.18 31.70
3.18 97.61
3.18 280.11
3.19 3.19
3.19 10.13
3.19 32.00
3.19 98.81
3.19 284.05
3.20 3.20
3.20 10.20
3.20 32.30
3.20 100.02
3.20 288.04
3.21 3.21
3.21 10.26
3.21 32.60
3.21 101.23
3.21 292.06
3.22 3.22
3.22 10.32
3.22 32.90
3.22 102.46
3.22 296.12
3.23 3.23
3.23 10.39
3.23 33.21
3.23 103.70
3.23 300.21
3.24 3.24
3.24 10.45
3.24 33.51
3.24 104.95
3.24 304.34
3.25 3.25
3.25 10.52
3.25 33.82
3.25 106.21
3.25 308.51
3.26 3.26
3.26 10.58
3.26 34.13
3.26 107.48
3.26 312.72
3.27 3.27
3.27 10.65
3.27 34.45
3.27 108.76
3.27 316.96
3.28 3.28
3.28 10.71
3.28 34.76
3.28 110.05
3.28 321.24
3.29 3.29
3.29 10.78
3.29 35.08
3.29 111.35
3.29 325.56
3.30 3.30
3.30 10.84
3.30 35.39
3.30 112.67
3.30 329.91
3.31 3.31
3.31 10.91
3.31 35.71
3.31 113.99
3.31 334.31
3.32 3.32
3.32 10.97
3.32 36.04
3.32 115.33
3.32 338.74
3.33 3.33
3.33 11.04
3.33 36.36
3.33 116.68
3.33 343.20
3.34 3.34
3.34 11.11
3.34 36.69
3.34 118.04
3.34 347.71
3.35 3.35
3.35 11.17
3.35 37.01
3.35 119.41
3.35 352.25
3.36 3.36
3.36 11.24
3.36 37.34
3.36 120.79
3.36 356.83
3.37 3.37
3.37 11.31
3.37 37.67
3.37 122.18
3.37 361.44
3.38 3.38
3.38 11.37
3.38 38.01
3.38 123.59
3.38 366.09
3.39 3.39
3.39 11.44
3.39 38.34
3.39 125.00
3.39 370.78
3.40 3.40
3.40 11.51
3.40 38.68
3.40 126.43
3.40 375.51
3.41 3.41
3.41 11.58
3.41 39.02
3.41 127.87
3.41 380.27
3.42 3.42
3.42 11.64
3.42 39.36
3.42 129.32
3.42 385.07
3.43 3.43
3.43 11.71
3.43 39.70
3.43 130.78
3.43 389.91
3.44 3.44
3.44 11.78
3.44 40.05
3.44 132.25
3.44 394.78
3.45 3.45
3.45 11.85
3.45 40.40
3.45 133.74
3.45 399.69
3.46 3.46
3.46 11.92
3.46 40.75
3.46 135.24
3.46 404.64
3.47 3.47
3.47 11.99
3.47 41.10
3.47 136.75
3.47 409.62
3.48 3.48
3.48 12.06
3.48 41.45
3.48 138.27
3.48 414.64
3.49 3.49
3.49 12.13
3.49 41.80
3.49 139.80
3.49 419.69
3.50 3.50
3.50 12.19
3.50 42.16
3.50 141.34
3.50 424.78
3.51 3.51
3.51 12.26
3.51 42.52
3.51 142.90
3.51 429.91
3.52 3.52
3.52 12.33
3.52 42.88
3.52 144.47
3.52 435.07
3.53 3.53
3.53 12.40
3.53 43.24
3.53 146.05
3.53 440.27
3.54 3.54
3.54 12.47
3.54 43.61
3.54 147.65
3.54 445.50
3.55 3.55
3.55 12.55
3.55 43.98
3.55 149.25
3.55 450.77
3.56 3.56
3.56 12.62
3.56 44.35
3.56 150.87
3.56 456.07
3.57 3.57
3.57 12.69
3.57 44.72
3.57 152.50
3.57 461.40
3.58 3.58
3.58 12.76
3.58 45.09
3.58 154.14
3.58 466.77
3.59 3.59
3.59 12.83
3.59 45.47
3.59 155.80
3.59 472.18
3.60 3.60
3.60 12.90
3.60 45.84
3.60 157.47
3.60 477.62
3.61 3.61
3.61 12.97
3.61 46.22
3.61 159.15
3.61 483.09
3.62 3.62
3.62 13.04
3.62 46.60
3.62 160.84
3.62 488.60
3.63 3.63
3.63 13.12
3.63 46.99
3.63 162.55
3.63 494.14
3.64 3.64
3.64 13.19
3.64 47.37
3.64 164.27
3.64 499.71
3.65 3.65
3.65 13.26
3.65 47.76
3.65 166.00
3.65 505.31
3.66 3.66
3.66 13.33
3.66 48.15
3.66 167.74
3.66 510.95
3.67 3.67
3.67 13.41
3.67 48.54
3.67 169.50
3.67 516.62
3.68 3.68
3.68 13.48
3.68 48.93
3.68 171.27
3.68 522.32
3.69 3.69
3.69 13.55
3.69 49.33
3.69 173.05
3.69 528.05
3.70 3.70
3.70 13.63
3.70 49.73
3.70 174.85
3.70 533.82
3.71 3.71
3.71 13.70
3.71 50.13
3.71 176.65
3.71 539.61
3.72 3.72
3.72 13.77
3.72 50.53
3.72 178.48
3.72 545.43
3.73 3.73
3.73 13.85
3.73 50.93
3.73 180.31
3.73 551.29
3.74 3.74
3.74 13.92
3.74 51.34
3.74 182.16
3.74 557.17
3.75 3.75
3.75 14.00
3.75 51.75
3.75 184.02
3.75 563.08
3.76 3.76
3.76 14.07
3.76 52.16
3.76 185.89
3.76 569.03
3.77 3.77
3.77 14.15
3.77 52.57
3.77 187.78
3.77 575.00
3.78 3.78
3.78 14.22
3.78 52.99
3.78 189.68
3.78 581.00
3.79 3.79
3.79 14.30
3.79 53.41
3.79 191.60
3.79 587.02
3.80 3.80
3.80 14.37
3.80 53.82
3.80 193.52
3.80 593.07
3.81 3.81
3.81 14.45
3.81 54.25
3.81 195.46
3.81 599.15
3.82 3.82
3.82 14.52
3.82 54.67
3.82 197.42
3.82 605.26
3.83 3.83
3.83 14.60
3.83 55.09
3.83 199.39
3.83 611.39
3.84 3.84
3.84 14.67
3.84 55.52
3.84 201.37
3.84 617.55
3.85 3.85
3.85 14.75
3.85 55.95
3.85 203.36
3.85 623.73
3.86 3.86
3.86 14.83
3.86 56.38
3.86 205.37
3.86 629.93
3.87 3.87
3.87 14.90
3.87 56.82
3.87 207.40
3.87 636.16
3.88 3.88
3.88 14.98
3.88 57.26
3.88 209.43
3.88 642.41
3.89 3.89
3.89 15.06
3.89 57.69
3.89 211.48
3.89 648.69
3.90 3.90
3.90 15.14
3.90 58.14
3.90 213.55
3.90 654.98
3.91 3.91
3.91 15.21
3.91 58.58
3.91 215.63
3.91 661.30
3.92 3.92
3.92 15.29
3.92 59.02
3.92 217.72
3.92 667.64
3.93 3.93
3.93 15.37
3.93 59.47
3.93 219.82
3.93 674.00
3.94 3.94
3.94 15.45
3.94 59.92
3.94 221.94
3.94 680.38
3.95 3.95
3.95 15.53
3.95 60.37
3.95 224.08
3.95 686.77
3.96 3.96
3.96 15.60
3.96 60.83
3.96 226.22
3.96 693.19
3.97 3.97
3.97 15.68
3.97 61.28
3.97 228.39
3.97 699.62
3.98 3.98
3.98 15.76
3.98 61.74
3.98 230.56
3.98 706.07
3.99 3.99
3.99 15.84
3.99 62.20
3.99 232.75
3.99 712.53
4.00 4.00
4.00 15.92
4.00 62.67
4.00 234.96
4.00 719.01
