1.00 0.10
1.00 0.10
1.00 0.10
1.00 0.10
1.00 0.10
1.00 0.10
1.00 0.10
1.00 0.10
1.00 0.10
1.00 0.10
1.00 0.10
1.01 9.90
1.01 9.90
1.01 9.90
1.01 9.90
1.01 9.90
1.01 9.90
1.01 9.90
1.01 9.90
1.01 9.90
1.01 9.90
1.01 9.90
1.02 19.61
1.02 19.61
1.02 19.61
1.02 19.61
1.02 19.61
1.02 19.61
1.02 19.61
1.02 19.61
1.02 19.61
1.02 19.61
1.02 19.61
1.03 29.13
1.03 29.13
1.03 29.13
1.03 29.13
1.03 29.13
1.03 29.13
1.03 29.13
1.03 29.13
1.03 29.13
1.03 29.13
1.03 29.13
1.04 38.46
1.04 38.46
1.04 38.46
1.04 38.46
1.04 38.46
1.04 38.46
1.04 38.46
1.04 38.46
1.04 38.46
1.04 38.46
1.04 38.46
1.05 47.62
1.05 47.62
1.05 47.62
1.05 47.62
1.05 47.62
1.05 47.62
1.05 47.62
1.05 47.62
1.05 47.62
1.05 47.62
1.05 47.62
1.06 56.60
1.06 56.60
1.06 56.60
1.06 56.60
1.06 56.60
1.06 56.60
1.06 56.60
1.06 56.60
1.06 56.60
1.06 56.60
1.06 56.60
1.07 65.42
1.07 65.42
1.07 65.42
1.07 65.42
1.07 65.42
1.07 65.42
1.07 65.42
1.07 65.42
1.07 65.42
1.07 65.42
1.07 65.42
1.08 74.07
1.08 74.07
1.08 74.07
1.08 74.07
1.08 74.07
1.08 74.07
1.08 74.07
1.08 74.07
1.08 74.07
1.08 74.07
1.08 74.07
1.09 82.57
1.09 82.57
1.09 82.57
1.09 82.57
1.09 82.57
1.09 82.57
1.09 82.57
1.09 82.57
1.09 82.57
1.09 82.57
1.09 82.57
1.10 90.91
1.10 90.91
1.10 90.91
1.10 90.91
1.10 90.91
1.10 90.91
1.10 90.91
1.10 90.91
1.10 90.91
1.10 90.91
1.10 90.91
1.11 99.10
1.11 99.10
1.11 99.10
1.11 99.10
1.11 99.10
1.11 99.10
1.11 99.10
1.11 99.10
1.11 99.10
1.11 99.10
1.11 99.10
1.12 107.14
1.12 107.14
1.12 107.14
1.12 107.14
1.12 107.14
1.12 107.14
1.12 107.14
1.12 107.14
1.12 107.14
1.12 107.14
1.12 107.14
1.13 115.04
1.13 115.04
1.13 115.04
1.13 115.04
1.13 115.04
1.13 115.04
1.13 115.04
1.13 115.04
1.13 115.04
1.13 115.04
1.13 115.04
1.14 122.81
1.14 122.81
1.14 122.81
1.14 122.81
1.14 122.81
1.14 122.81
1.14 122.81
1.14 122.81
1.14 122.81
1.14 122.81
1.14 122.81
1.15 130.43
1.15 130.43
1.15 130.43
1.15 130.43
1.15 130.43
1.15 130.43
1.15 130.43
1.15 130.43
1.15 130.43
1.15 130.43
1.15 130.43
1.16 137.93
1.16 137.93
1.16 137.93
1.16 137.93
1.16 137.93
1.16 137.93
1.16 137.93
1.16 137.93
1.16 137.93
1.16 137.93
1.16 137.93
1.17 145.30
1.17 145.30
1.17 145.30
1.17 145.30
1.17 145.30
1.17 145.30
1.17 145.30
1.17 145.30
1.17 145.30
1.17 145.30
1.17 145.30
1.18 152.54
1.18 152.54
1.18 152.54
1.18 152.54
1.18 152.54
1.18 152.54
1.18 152.54
1.18 152.54
1.18 152.54
1.18 152.54
1.18 152.54
1.19 159.66
1.19 159.66
1.19 159.66
1.19 159.66
1.19 159.66
1.19 159.66
1.19 159.66
1.19 159.66
1.19 159.66
1.19 159.66
1.19 159.66
1.20 166.67
1.20 166.67
1.20 166.67
1.20 166.67
1.20 166.67
1.20 166.67
1.20 166.67
1.20 166.67
1.20 166.67
1.20 166.67
1.20 166.67
1.21 173.55
1.21 173.55
1.21 173.55
1.21 173.55
1.21 173.55
1.21 173.55
1.21 173.55
1.21 173.55
1.21 173.55
1.21 173.55
1.21 173.55
1.22 180.33
1.22 180.33
1.22 180.33
1.22 180.33
1.22 180.33
1.22 180.33
1.22 180.33
1.22 180.33
1.22 180.33
1.22 180.33
1.22 180.33
1.23 186.99
1.23 186.99
1.23 186.99
1.23 186.99
1.23 186.99
1.23 186.99
1.23 186.99
1.23 186.99
1.23 186.99
1.23 186.99
1.23 186.99
1.24 193.55
1.24 193.55
1.24 193.55
1.24 193.55
1.24 193.55
1.24 193.55
1.24 193.55
1.24 193.55
1.24 193.55
1.24 193.55
1.24 193.55
1.25 200.00
1.25 200.00
1.25 200.00
1.25 200.00
1.25 200.00
1.25 200.00
1.25 200.00
1.25 200.00
1.25 200.00
1.25 200.00
1.25 200.00
1.26 206.35
1.26 206.35
1.26 206.35
1.26 206.35
1.26 206.35
1.26 206.35
1.26 206.35
1.26 206.35
1.26 206.35
1.26 206.35
1.26 206.35
1.27 212.60
1.27 212.60
1.27 212.60
1.27 212.60
1.27 212.60
1.27 212.60
1.27 212.60
1.27 212.60
1.27 212.60
1.27 212.60
1.27 212.60
1.28 218.75
1.28 218.75
1.28 218.75
1.28 218.75
1.28 218.75
1.28 218.75
1.28 218.75
1.28 218.75
1.28 218.75
1.28 218.75
1.28 218.75
1.29 224.81
1.29 224.81
1.29 224.81
1.29 224.81
1.29 224.81
1.29 224.81
1.29 224.81
1.29 224.81
1.29 224.81
1.29 224.81
1.29 224.81
1.30 230.77
1.30 230.77
1.30 230.77
1.30 230.77
1.30 230.77
1.30 230.77
1.30 230.77
1.30 230.77
1.30 230.77
1.30 230.77
1.30 230.77
1.31 236.64
1.31 236.64
1.31 236.64
1.31 236.64
1.31 236.64
1.31 236.64
1.31 236.64
1.31 236.64
1.31 236.64
1.31 236.64
1.31 236.64
1.32 242.42
1.32 242.42
1.32 242.42
1.32 242.42
1.32 242.42
1.32 242.42
1.32 242.42
1.32 242.42
1.32 242.42
1.32 242.42
1.32 242.42
1.33 248.12
1.33 248.12
1.33 248.12
1.33 248.12
1.33 248.12
1.33 248.12
1.33 248.12
1.33 248.12
1.33 248.12
1.33 248.12
1.33 248.12
1.34 253.73
1.34 253.73
1.34 253.73
1.34 253.73
1.34 253.73
1.34 253.73
1.34 253.73
1.34 253.73
1.34 253.73
1.34 253.73
1.34 253.73
1.35 259.26
1.35 259.26
1.35 259.26
1.35 259.26
1.35 259.26
1.35 259.26
1.35 259.26
1.35 259.26
1.35 259.26
1.35 259.26
1.35 259.26
1.36 264.71
1.36 264.71
1.36 264.71
1.36 264.71
1.36 264.71
1.36 264.71
1.36 264.71
1.36 264.71
1.36 264.71
1.36 264.71
1.36 264.71
1.37 270.07
1.37 270.07
1.37 270.07
1.37 270.07
1.37 270.07
1.37 270.07
1.37 270.07
1.37 270.07
1.37 270.07
1.37 270.07
1.37 270.07
1.38 275.36
1.38 275.36
1.38 275.36
1.38 275.36
1.38 275.36
1.38 275.36
1.38 275.36
1.38 275.36
1.38 275.36
1.38 275.36
1.38 275.36
1.39 280.58
1.39 280.58
1.39 280.58
1.39 280.58
1.39 280.58
1.39 280.58
1.39 280.58
1.39 280.58
1.39 280.58
1.39 280.58
1.39 280.58
1.40 285.71
1.40 285.71
1.40 285.71
1.40 285.71
1.40 285.71
1.40 285.71
1.40 285.71
1.40 285.71
1.40 285.71
1.40 285.71
1.40 285.71
1.41 290.78
1.41 290.78
1.41 290.78
1.41 290.78
1.41 290.78
1.41 290.78
1.41 290.78
1.41 290.78
1.41 290.78
1.41 290.78
1.41 290.78
1.42 295.77
1.42 295.77
1.42 295.77
1.42 295.77
1.42 295.77
1.42 295.77
1.42 295.77
1.42 295.77
1.42 295.77
1.42 295.77
1.42 295.77
1.43 300.70
1.43 300.70
1.43 300.70
1.43 300.70
1.43 300.70
1.43 300.70
1.43 300.70
1.43 300.70
1.43 300.70
1.43 300.70
1.43 300.70
1.44 305.56
1.44 305.56
1.44 305.56
1.44 305.56
1.44 305.56
1.44 305.56
1.44 305.56
1.44 305.56
1.44 305.56
1.44 305.56
1.44 305.56
1.45 310.34
1.45 310.34
1.45 310.34
1.45 310.34
1.45 310.34
1.45 310.34
1.45 310.34
1.45 310.34
1.45 310.34
1.45 310.34
1.45 310.34
1.46 315.07
1.46 315.07
1.46 315.07
1.46 315.07
1.46 315.07
1.46 315.07
1.46 315.07
1.46 315.07
1.46 315.07
1.46 315.07
1.46 315.07
1.47 319.73
1.47 319.73
1.47 319.73
1.47 319.73
1.47 319.73
1.47 319.73
1.47 319.73
1.47 319.73
1.47 319.73
1.47 319.73
1.47 319.73
1.48 324.32
1.48 324.32
1.48 324.32
1.48 324.32
1.48 324.32
1.48 324.32
1.48 324.32
1.48 324.32
1.48 324.32
1.48 324.32
1.48 324.32
1.49 328.86
1.49 328.86
1.49 328.86
1.49 328.86
1.49 328.86
1.49 328.86
1.49 328.86
1.49 328.86
1.49 328.86
1.49 328.86
1.49 328.86
1.50 333.33
1.50 333.33
1.50 333.33
1.50 333.33
1.50 333.33
1.50 333.33
1.50 333.33
1.50 333.33
1.50 333.33
1.50 333.33
1.50 333.33
1.51 337.75
1.51 337.75
1.51 337.75
1.51 337.75
1.51 337.75
1.51 337.75
1.51 337.75
1.51 337.75
1.51 337.75
1.51 337.75
1.51 337.75
1.52 342.11
1.52 342.11
1.52 342.11
1.52 342.11
1.52 342.11
1.52 342.11
1.52 342.11
1.52 342.11
1.52 342.11
1.52 342.11
1.52 342.11
1.53 346.41
1.53 346.41
1.53 346.41
1.53 346.41
1.53 346.41
1.53 346.41
1.53 346.41
1.53 346.41
1.53 346.41
1.53 346.41
1.53 346.41
1.54 350.65
1.54 350.65
1.54 350.65
1.54 350.65
1.54 350.65
1.54 350.65
1.54 350.65
1.54 350.65
1.54 350.65
1.54 350.65
1.54 350.65
1.55 354.84
1.55 354.84
1.55 354.84
1.55 354.84
1.55 354.84
1.55 354.84
1.55 354.84
1.55 354.84
1.55 354.84
1.55 354.84
1.55 354.84
1.56 358.97
1.56 358.97
1.56 358.97
1.56 358.97
1.56 358.97
1.56 358.97
1.56 358.97
1.56 358.97
1.56 358.97
1.56 358.97
1.56 358.97
1.57 363.06
1.57 363.06
1.57 363.06
1.57 363.06
1.57 363.06
1.57 363.06
1.57 363.06
1.57 363.06
1.57 363.06
1.57 363.06
1.57 363.06
1.58 367.09
1.58 367.09
1.58 367.09
1.58 367.09
1.58 367.09
1.58 367.09
1.58 367.09
1.58 367.09
1.58 367.09
1.58 367.09
1.58 367.09
1.59 371.07
1.59 371.07
1.59 371.07
1.59 371.07
1.59 371.07
1.59 371.07
1.59 371.07
1.59 371.07
1.59 371.07
1.59 371.07
1.59 371.07
1.60 375.00
1.60 375.00
1.60 375.00
1.60 375.00
1.60 375.00
1.60 375.00
1.60 375.00
1.60 375.00
1.60 375.00
1.60 375.00
1.60 375.00
1.61 378.88
1.61 378.88
1.61 378.88
1.61 378.88
1.61 378.88
1.61 378.88
1.61 378.88
1.61 378.88
1.61 378.88
1.61 378.88
1.61 378.88
1.62 382.72
1.62 382.72
1.62 382.72
1.62 382.72
1.62 382.72
1.62 382.72
1.62 382.72
1.62 382.72
1.62 382.72
1.62 382.72
1.62 382.72
1.63 386.50
1.63 386.50
1.63 386.50
1.63 386.50
1.63 386.50
1.63 386.50
1.63 386.50
1.63 386.50
1.63 386.50
1.63 386.50
1.63 386.50
1.64 390.24
1.64 390.24
1.64 390.24
1.64 390.24
1.64 390.24
1.64 390.24
1.64 390.24
1.64 390.24
1.64 390.24
1.64 390.24
1.64 390.24
1.65 393.94
1.65 393.94
1.65 393.94
1.65 393.94
1.65 393.94
1.65 393.94
1.65 393.94
1.65 393.94
1.65 393.94
1.65 393.94
1.65 393.94
1.66 397.59
1.66 397.59
1.66 397.59
1.66 397.59
1.66 397.59
1.66 397.59
1.66 397.59
1.66 397.59
1.66 397.59
1.66 397.59
1.66 397.59
1.67 401.20
1.67 401.20
1.67 401.20
1.67 401.20
1.67 401.20
1.67 401.20
1.67 401.20
1.67 401.20
1.67 401.20
1.67 401.20
1.67 401.20
1.68 404.76
1.68 404.76
1.68 404.76
1.68 404.76
1.68 404.76
1.68 404.76
1.68 404.76
1.68 404.76
1.68 404.76
1.68 404.76
1.68 404.76
1.69 408.28
1.69 408.28
1.69 408.28
1.69 408.28
1.69 408.28
1.69 408.28
1.69 408.28
1.69 408.28
1.69 408.28
1.69 408.28
1.69 408.28
1.70 411.76
1.70 411.76
1.70 411.76
1.70 411.76
1.70 411.76
1.70 411.76
1.70 411.76
1.70 411.76
1.70 411.76
1.70 411.76
1.70 411.76
1.71 415.20
1.71 415.20
1.71 415.20
1.71 415.20
1.71 415.20
1.71 415.20
1.71 415.20
1.71 415.20
1.71 415.20
1.71 415.20
1.71 415.20
1.72 418.60
1.72 418.60
1.72 418.60
1.72 418.60
1.72 418.60
1.72 418.60
1.72 418.60
1.72 418.60
1.72 418.60
1.72 418.60
1.72 418.60
1.73 421.97
1.73 421.97
1.73 421.97
1.73 421.97
1.73 421.97
1.73 421.97
1.73 421.97
1.73 421.97
1.73 421.97
1.73 421.97
1.73 421.97
1.74 425.29
1.74 425.29
1.74 425.29
1.74 425.29
1.74 425.29
1.74 425.29
1.74 425.29
1.74 425.29
1.74 425.29
1.74 425.29
1.74 425.29
1.75 428.57
1.75 428.57
1.75 428.57
1.75 428.57
1.75 428.57
1.75 428.57
1.75 428.57
1.75 428.57
1.75 428.57
1.75 428.57
1.75 428.57
1.76 431.82
1.76 431.82
1.76 431.82
1.76 431.82
1.76 431.82
1.76 431.82
1.76 431.82
1.76 431.82
1.76 431.82
1.76 431.82
1.76 431.82
1.77 435.03
1.77 435.03
1.77 435.03
1.77 435.03
1.77 435.03
1.77 435.03
1.77 435.03
1.77 435.03
1.77 435.03
1.77 435.03
1.77 435.03
1.78 438.20
1.78 438.20
1.78 438.20
1.78 438.20
1.78 438.20
1.78 438.20
1.78 438.20
1.78 438.20
1.78 438.20
1.78 438.20
1.78 438.20
1.79 441.34
1.79 441.34
1.79 441.34
1.79 441.34
1.79 441.34
1.79 441.34
1.79 441.34
1.79 441.34
1.79 441.34
1.79 441.34
1.79 441.34
1.80 444.44
1.80 444.44
1.80 444.44
1.80 444.44
1.80 444.44
1.80 444.44
1.80 444.44
1.80 444.44
1.80 444.44
1.80 444.44
1.80 444.44
1.81 447.51
1.81 447.51
1.81 447.51
1.81 447.51
1.81 447.51
1.81 447.51
1.81 447.51
1.81 447.51
1.81 447.51
1.81 447.51
1.81 447.51
1.82 450.55
1.82 450.55
1.82 450.55
1.82 450.55
1.82 450.55
1.82 450.55
1.82 450.55
1.82 450.55
1.82 450.55
1.82 450.55
1.82 450.55
1.83 453.55
1.83 453.55
1.83 453.55
1.83 453.55
1.83 453.55
1.83 453.55
1.83 453.55
1.83 453.55
1.83 453.55
1.83 453.55
1.83 453.55
1.84 456.52
1.84 456.52
1.84 456.52
1.84 456.52
1.84 456.52
1.84 456.52
1.84 456.52
1.84 456.52
1.84 456.52
1.84 456.52
1.84 456.52
1.85 459.46
1.85 459.46
1.85 459.46
1.85 459.46
1.85 459.46
1.85 459.46
1.85 459.46
1.85 459.46
1.85 459.46
1.85 459.46
1.85 459.46
1.86 462.37
1.86 462.37
1.86 462.37
1.86 462.37
1.86 462.37
1.86 462.37
1.86 462.37
1.86 462.37
1.86 462.37
1.86 462.37
1.86 462.37
1.87 465.24
1.87 465.24
1.87 465.24
1.87 465.24
1.87 465.24
1.87 465.24
1.87 465.24
1.87 465.24
1.87 465.24
1.87 465.24
1.87 465.24
1.88 468.09
1.88 468.09
1.88 468.09
1.88 468.09
1.88 468.09
1.88 468.09
1.88 468.09
1.88 468.09
1.88 468.09
1.88 468.09
1.88 468.09
1.89 470.90
1.89 470.90
1.89 470.90
1.89 470.90
1.89 470.90
1.89 470.90
1.89 470.90
1.89 470.90
1.89 470.90
1.89 470.90
1.89 470.90
1.90 473.68
1.90 473.68
1.90 473.68
1.90 473.68
1.90 473.68
1.90 473.68
1.90 473.68
1.90 473.68
1.90 473.68
1.90 473.68
1.90 473.68
1.91 476.44
1.91 476.44
1.91 476.44
1.91 476.44
1.91 476.44
1.91 476.44
1.91 476.44
1.91 476.44
1.91 476.44
1.91 476.44
1.91 476.44
1.92 479.17
1.92 479.17
1.92 479.17
1.92 479.17
1.92 479.17
1.92 479.17
1.92 479.17
1.92 479.17
1.92 479.17
1.92 479.17
1.92 479.17
1.93 481.87
1.93 481.87
1.93 481.87
1.93 481.87
1.93 481.87
1.93 481.87
1.93 481.87
1.93 481.87
1.93 481.87
1.93 481.87
1.93 481.87
1.94 484.54
1.94 484.54
1.94 484.54
1.94 484.54
1.94 484.54
1.94 484.54
1.94 484.54
1.94 484.54
1.94 484.54
1.94 484.54
1.94 484.54
1.95 487.18
1.95 487.18
1.95 487.18
1.95 487.18
1.95 487.18
1.95 487.18
1.95 487.18
1.95 487.18
1.95 487.18
1.95 487.18
1.95 487.18
1.96 489.80
1.96 489.80
1.96 489.80
1.96 489.80
1.96 489.80
1.96 489.80
1.96 489.80
1.96 489.80
1.96 489.80
1.96 489.80
1.96 489.80
1.97 492.39
1.97 492.39
1.97 492.39
1.97 492.39
1.97 492.39
1.97 492.39
1.97 492.39
1.97 492.39
1.97 492.39
1.97 492.39
1.97 492.39
1.98 494.95
1.98 494.95
1.98 494.95
1.98 494.95
1.98 494.95
1.98 494.95
1.98 494.95
1.98 494.95
1.98 494.95
1.98 494.95
1.98 494.95
1.99 497.49
1.99 497.49
1.99 497.49
1.99 497.49
1.99 497.49
1.99 497.49
1.99 497.49
1.99 497.49
1.99 497.49
1.99 497.49
1.99 497.49
2.00 500.00
2.00 500.00
2.00 500.00
2.00 500.00
2.00 500.00
2.00 500.00
2.00 500.00
2.00 500.00
2.00 500.00
2.00 500.00
2.00 500.00
2.01 502.49
2.01 502.49
2.01 502.49
2.01 502.49
2.01 502.49
2.01 502.49
2.01 502.49
2.01 502.49
2.01 502.49
2.01 502.49
2.01 502.49
2.02 504.95
2.02 504.95
2.02 504.95
2.02 504.95
2.02 504.95
2.02 504.95
2.02 504.95
2.02 504.95
2.02 504.95
2.02 504.95
2.02 504.95
2.03 507.39
2.03 507.39
2.03 507.39
2.03 507.39
2.03 507.39
2.03 507.39
2.03 507.39
2.03 507.39
2.03 507.39
2.03 507.39
2.03 507.39
2.04 509.80
2.04 509.80
2.04 509.80
2.04 509.80
2.04 509.80
2.04 509.80
2.04 509.80
2.04 509.80
2.04 509.80
2.04 509.80
2.04 509.80
2.05 512.20
2.05 512.20
2.05 512.20
2.05 512.20
2.05 512.20
2.05 512.20
2.05 512.20
2.05 512.20
2.05 512.20
2.05 512.20
2.05 512.20
2.06 514.56
2.06 514.56
2.06 514.56
2.06 514.56
2.06 514.56
2.06 514.56
2.06 514.56
2.06 514.56
2.06 514.56
2.06 514.56
2.06 514.56
2.07 516.91
2.07 516.91
2.07 516.91
2.07 516.91
2.07 516.91
2.07 516.91
2.07 516.91
2.07 516.91
2.07 516.91
2.07 516.91
2.07 516.91
2.08 519.23
2.08 519.23
2.08 519.23
2.08 519.23
2.08 519.23
2.08 519.23
2.08 519.23
2.08 519.23
2.08 519.23
2.08 519.23
2.08 519.23
2.09 521.53
2.09 521.53
2.09 521.53
2.09 521.53
2.09 521.53
2.09 521.53
2.09 521.53
2.09 521.53
2.09 521.53
2.09 521.53
2.09 521.53
2.10 523.81
2.10 523.81
2.10 523.81
2.10 523.81
2.10 523.81
2.10 523.81
2.10 523.81
2.10 523.81
2.10 523.81
2.10 523.81
2.10 523.81
2.11 526.07
2.11 526.07
2.11 526.07
2.11 526.07
2.11 526.07
2.11 526.07
2.11 526.07
2.11 526.07
2.11 526.07
2.11 526.07
2.11 526.07
2.12 528.30
2.12 528.30
2.12 528.30
2.12 528.30
2.12 528.30
2.12 528.30
2.12 528.30
2.12 528.30
2.12 528.30
2.12 528.30
2.12 528.30
2.13 530.52
2.13 530.52
2.13 530.52
2.13 530.52
2.13 530.52
2.13 530.52
2.13 530.52
2.13 530.52
2.13 530.52
2.13 530.52
2.13 530.52
2.14 532.71
2.14 532.71
2.14 532.71
2.14 532.71
2.14 532.71
2.14 532.71
2.14 532.71
2.14 532.71
2.14 532.71
2.14 532.71
2.14 532.71
2.15 534.88
2.15 534.88
2.15 534.88
2.15 534.88
2.15 534.88
2.15 534.88
2.15 534.88
2.15 534.88
2.15 534.88
2.15 534.88
2.15 534.88
2.16 537.04
2.16 537.04
2.16 537.04
2.16 537.04
2.16 537.04
2.16 537.04
2.16 537.04
2.16 537.04
2.16 537.04
2.16 537.04
2.16 537.04
2.17 539.17
2.17 539.17
2.17 539.17
2.17 539.17
2.17 539.17
2.17 539.17
2.17 539.17
2.17 539.17
2.17 539.17
2.17 539.17
2.17 539.17
2.18 541.28
2.18 541.28
2.18 541.28
2.18 541.28
2.18 541.28
2.18 541.28
2.18 541.28
2.18 541.28
2.18 541.28
2.18 541.28
2.18 541.28
2.19 543.38
2.19 543.38
2.19 543.38
2.19 543.38
2.19 543.38
2.19 543.38
2.19 543.38
2.19 543.38
2.19 543.38
2.19 543.38
2.19 543.38
2.20 545.45
2.20 545.45
2.20 545.45
2.20 545.45
2.20 545.45
2.20 545.45
2.20 545.45
2.20 545.45
2.20 545.45
2.20 545.45
2.20 545.45
2.21 547.51
2.21 547.51
2.21 547.51
2.21 547.51
2.21 547.51
2.21 547.51
2.21 547.51
2.21 547.51
2.21 547.51
2.21 547.51
2.21 547.51
2.22 549.55
2.22 549.55
2.22 549.55
2.22 549.55
2.22 549.55
2.22 549.55
2.22 549.55
2.22 549.55
2.22 549.55
2.22 549.55
2.22 549.55
2.23 551.57
2.23 551.57
2.23 551.57
2.23 551.57
2.23 551.57
2.23 551.57
2.23 551.57
2.23 551.57
2.23 551.57
2.23 551.57
2.23 551.57
2.24 553.57
2.24 553.57
2.24 553.57
2.24 553.57
2.24 553.57
2.24 553.57
2.24 553.57
2.24 553.57
2.24 553.57
2.24 553.57
2.24 553.57
2.25 555.56
2.25 555.56
2.25 555.56
2.25 555.56
2.25 555.56
2.25 555.56
2.25 555.56
2.25 555.56
2.25 555.56
2.25 555.56
2.25 555.56
2.26 557.52
2.26 557.52
2.26 557.52
2.26 557.52
2.26 557.52
2.26 557.52
2.26 557.52
2.26 557.52
2.26 557.52
2.26 557.52
2.26 557.52
2.27 559.47
2.27 559.47
2.27 559.47
2.27 559.47
2.27 559.47
2.27 559.47
2.27 559.47
2.27 559.47
2.27 559.47
2.27 559.47
2.27 559.47
2.28 561.40
2.28 561.40
2.28 561.40
2.28 561.40
2.28 561.40
2.28 561.40
2.28 561.40
2.28 561.40
2.28 561.40
2.28 561.40
2.28 561.40
2.29 563.32
2.29 563.32
2.29 563.32
2.29 563.32
2.29 563.32
2.29 563.32
2.29 563.32
2.29 563.32
2.29 563.32
2.29 563.32
2.29 563.32
2.30 565.22
2.30 565.22
2.30 565.22
2.30 565.22
2.30 565.22
2.30 565.22
2.30 565.22
2.30 565.22
2.30 565.22
2.30 565.22
2.30 565.22
2.31 567.10
2.31 567.10
2.31 567.10
2.31 567.10
2.31 567.10
2.31 567.10
2.31 567.10
2.31 567.10
2.31 567.10
2.31 567.10
2.31 567.10
2.32 568.97
2.32 568.97
2.32 568.97
2.32 568.97
2.32 568.97
2.32 568.97
2.32 568.97
2.32 568.97
2.32 568.97
2.32 568.97
2.32 568.97
2.33 570.82
2.33 570.82
2.33 570.82
2.33 570.82
2.33 570.82
2.33 570.82
2.33 570.82
2.33 570.82
2.33 570.82
2.33 570.82
2.33 570.82
2.34 572.65
2.34 572.65
2.34 572.65
2.34 572.65
2.34 572.65
2.34 572.65
2.34 572.65
2.34 572.65
2.34 572.65
2.34 572.65
2.34 572.65
2.35 574.47
2.35 574.47
2.35 574.47
2.35 574.47
2.35 574.47
2.35 574.47
2.35 574.47
2.35 574.47
2.35 574.47
2.35 574.47
2.35 574.47
2.36 576.27
2.36 576.27
2.36 576.27
2.36 576.27
2.36 576.27
2.36 576.27
2.36 576.27
2.36 576.27
2.36 576.27
2.36 576.27
2.36 576.27
2.37 578.06
2.37 578.06
2.37 578.06
2.37 578.06
2.37 578.06
2.37 578.06
2.37 578.06
2.37 578.06
2.37 578.06
2.37 578.06
2.37 578.06
2.38 579.83
2.38 579.83
2.38 579.83
2.38 579.83
2.38 579.83
2.38 579.83
2.38 579.83
2.38 579.83
2.38 579.83
2.38 579.83
2.38 579.83
2.39 581.59
2.39 581.59
2.39 581.59
2.39 581.59
2.39 581.59
2.39 581.59
2.39 581.59
2.39 581.59
2.39 581.59
2.39 581.59
2.39 581.59
2.40 583.33
2.40 583.33
2.40 583.33
2.40 583.33
2.40 583.33
2.40 583.33
2.40 583.33
2.40 583.33
2.40 583.33
2.40 583.33
2.40 583.33
2.41 585.06
2.41 585.06
2.41 585.06
2.41 585.06
2.41 585.06
2.41 585.06
2.41 585.06
2.41 585.06
2.41 585.06
2.41 585.06
2.41 585.06
2.42 586.78
2.42 586.78
2.42 586.78
2.42 586.78
2.42 586.78
2.42 586.78
2.42 586.78
2.42 586.78
2.42 586.78
2.42 586.78
2.42 586.78
2.43 588.48
2.43 588.48
2.43 588.48
2.43 588.48
2.43 588.48
2.43 588.48
2.43 588.48
2.43 588.48
2.43 588.48
2.43 588.48
2.43 588.48
2.44 590.16
2.44 590.16
2.44 590.16
2.44 590.16
2.44 590.16
2.44 590.16
2.44 590.16
2.44 590.16
2.44 590.16
2.44 590.16
2.44 590.16
2.45 591.84
2.45 591.84
2.45 591.84
2.45 591.84
2.45 591.84
2.45 591.84
2.45 591.84
2.45 591.84
2.45 591.84
2.45 591.84
2.45 591.84
2.46 593.50
2.46 593.50
2.46 593.50
2.46 593.50
2.46 593.50
2.46 593.50
2.46 593.50
2.46 593.50
2.46 593.50
2.46 593.50
2.46 593.50
2.47 595.14
2.47 595.14
2.47 595.14
2.47 595.14
2.47 595.14
2.47 595.14
2.47 595.14
2.47 595.14
2.47 595.14
2.47 595.14
2.47 595.14
2.48 596.77
2.48 596.77
2.48 596.77
2.48 596.77
2.48 596.77
2.48 596.77
2.48 596.77
2.48 596.77
2.48 596.77
2.48 596.77
2.48 596.77
2.49 598.39
2.49 598.39
2.49 598.39
2.49 598.39
2.49 598.39
2.49 598.39
2.49 598.39
2.49 598.39
2.49 598.39
2.49 598.39
2.49 598.39
2.50 600.00
2.50 600.00
2.50 600.00
2.50 600.00
2.50 600.00
2.50 600.00
2.50 600.00
2.50 600.00
2.50 600.00
2.50 600.00
2.50 600.00
2.51 601.59
2.51 601.59
2.51 601.59
2.51 601.59
2.51 601.59
2.51 601.59
2.51 601.59
2.51 601.59
2.51 601.59
2.51 601.59
2.51 601.59
2.52 603.17
2.52 603.17
2.52 603.17
2.52 603.17
2.52 603.17
2.52 603.17
2.52 603.17
2.52 603.17
2.52 603.17
2.52 603.17
2.52 603.17
2.53 604.74
2.53 604.74
2.53 604.74
2.53 604.74
2.53 604.74
2.53 604.74
2.53 604.74
2.53 604.74
2.53 604.74
2.53 604.74
2.53 604.74
2.54 606.30
2.54 606.30
2.54 606.30
2.54 606.30
2.54 606.30
2.54 606.30
2.54 606.30
2.54 606.30
2.54 606.30
2.54 606.30
2.54 606.30
2.55 607.84
2.55 607.84
2.55 607.84
2.55 607.84
2.55 607.84
2.55 607.84
2.55 607.84
2.55 607.84
2.55 607.84
2.55 607.84
2.55 607.84
2.56 609.37
2.56 609.38
2.56 609.37
2.56 609.38
2.56 609.37
2.56 609.38
2.56 609.37
2.56 609.38
2.56 609.37
2.56 609.38
2.56 609.37
2.57 610.89
2.57 610.89
2.57 610.89
2.57 610.89
2.57 610.89
2.57 610.89
2.57 610.89
2.57 610.89
2.57 610.89
2.57 610.89
2.57 610.89
2.58 612.40
2.58 612.40
2.58 612.40
2.58 612.40
2.58 612.40
2.58 612.40
2.58 612.40
2.58 612.40
2.58 612.40
2.58 612.40
2.58 612.40
2.59 613.90
2.59 613.90
2.59 613.90
2.59 613.90
2.59 613.90
2.59 613.90
2.59 613.90
2.59 613.90
2.59 613.90
2.59 613.90
2.59 613.90
2.60 615.38
2.60 615.38
2.60 615.38
2.60 615.38
2.60 615.38
2.60 615.38
2.60 615.38
2.60 615.38
2.60 615.38
2.60 615.38
2.60 615.38
2.61 616.86
2.61 616.86
2.61 616.86
2.61 616.86
2.61 616.86
2.61 616.86
2.61 616.86
2.61 616.86
2.61 616.86
2.61 616.86
2.61 616.86
2.62 618.32
2.62 618.32
2.62 618.32
2.62 618.32
2.62 618.32
2.62 618.32
2.62 618.32
2.62 618.32
2.62 618.32
2.62 618.32
2.62 618.32
2.63 619.77
2.63 619.77
2.63 619.77
2.63 619.77
2.63 619.77
2.63 619.77
2.63 619.77
2.63 619.77
2.63 619.77
2.63 619.77
2.63 619.77
2.64 621.21
2.64 621.21
2.64 621.21
2.64 621.21
2.64 621.21
2.64 621.21
2.64 621.21
2.64 621.21
2.64 621.21
2.64 621.21
2.64 621.21
2.65 622.64
2.65 622.64
2.65 622.64
2.65 622.64
2.65 622.64
2.65 622.64
2.65 622.64
2.65 622.64
2.65 622.64
2.65 622.64
2.65 622.64
2.66 624.06
2.66 624.06
2.66 624.06
2.66 624.06
2.66 624.06
2.66 624.06
2.66 624.06
2.66 624.06
2.66 624.06
2.66 624.06
2.66 624.06
2.67 625.47
2.67 625.47
2.67 625.47
2.67 625.47
2.67 625.47
2.67 625.47
2.67 625.47
2.67 625.47
2.67 625.47
2.67 625.47
2.67 625.47
2.68 626.87
2.68 626.87
2.68 626.87
2.68 626.87
2.68 626.87
2.68 626.87
2.68 626.87
2.68 626.87
2.68 626.87
2.68 626.87
2.68 626.87
2.69 628.25
2.69 628.25
2.69 628.25
2.69 628.25
2.69 628.25
2.69 628.25
2.69 628.25
2.69 628.25
2.69 628.25
2.69 628.25
2.69 628.25
2.70 629.63
2.70 629.63
2.70 629.63
2.70 629.63
2.70 629.63
2.70 629.63
2.70 629.63
2.70 629.63
2.70 629.63
2.70 629.63
2.70 629.63
2.71 631.00
2.71 631.00
2.71 631.00
2.71 631.00
2.71 631.00
2.71 631.00
2.71 631.00
2.71 631.00
2.71 631.00
2.71 631.00
2.71 631.00
2.72 632.35
2.72 632.35
2.72 632.35
2.72 632.35
2.72 632.35
2.72 632.35
2.72 632.35
2.72 632.35
2.72 632.35
2.72 632.35
2.72 632.35
2.73 633.70
2.73 633.70
2.73 633.70
2.73 633.70
2.73 633.70
2.73 633.70
2.73 633.70
2.73 633.70
2.73 633.70
2.73 633.70
2.73 633.70
2.74 635.04
2.74 635.04
2.74 635.04
2.74 635.04
2.74 635.04
2.74 635.04
2.74 635.04
2.74 635.04
2.74 635.04
2.74 635.04
2.74 635.04
2.75 636.36
2.75 636.36
2.75 636.36
2.75 636.36
2.75 636.36
2.75 636.36
2.75 636.36
2.75 636.36
2.75 636.36
2.75 636.36
2.75 636.36
2.76 637.68
2.76 637.68
2.76 637.68
2.76 637.68
2.76 637.68
2.76 637.68
2.76 637.68
2.76 637.68
2.76 637.68
2.76 637.68
2.76 637.68
2.77 638.99
2.77 638.99
2.77 638.99
2.77 638.99
2.77 638.99
2.77 638.99
2.77 638.99
2.77 638.99
2.77 638.99
2.77 638.99
2.77 638.99
2.78 640.29
2.78 640.29
2.78 640.29
2.78 640.29
2.78 640.29
2.78 640.29
2.78 640.29
2.78 640.29
2.78 640.29
2.78 640.29
2.78 640.29
2.79 641.58
2.79 641.58
2.79 641.58
2.79 641.58
2.79 641.58
2.79 641.58
2.79 641.58
2.79 641.58
2.79 641.58
2.79 641.58
2.79 641.58
2.80 642.86
2.80 642.86
2.80 642.86
2.80 642.86
2.80 642.86
2.80 642.86
2.80 642.86
2.80 642.86
2.80 642.86
2.80 642.86
2.80 642.86
2.81 644.13
2.81 644.13
2.81 644.13
2.81 644.13
2.81 644.13
2.81 644.13
2.81 644.13
2.81 644.13
2.81 644.13
2.81 644.13
2.81 644.13
2.82 645.39
2.82 645.39
2.82 645.39
2.82 645.39
2.82 645.39
2.82 645.39
2.82 645.39
2.82 645.39
2.82 645.39
2.82 645.39
2.82 645.39
2.83 646.64
2.83 646.64
2.83 646.64
2.83 646.64
2.83 646.64
2.83 646.64
2.83 646.64
2.83 646.64
2.83 646.64
2.83 646.64
2.83 646.64
2.84 647.89
2.84 647.89
2.84 647.89
2.84 647.89
2.84 647.89
2.84 647.89
2.84 647.89
2.84 647.89
2.84 647.89
2.84 647.89
2.84 647.89
2.85 649.12
2.85 649.12
2.85 649.12
2.85 649.12
2.85 649.12
2.85 649.12
2.85 649.12
2.85 649.12
2.85 649.12
2.85 649.12
2.85 649.12
2.86 650.35
2.86 650.35
2.86 650.35
2.86 650.35
2.86 650.35
2.86 650.35
2.86 650.35
2.86 650.35
2.86 650.35
2.86 650.35
2.86 650.35
2.87 651.57
2.87 651.57
2.87 651.57
2.87 651.57
2.87 651.57
2.87 651.57
2.87 651.57
2.87 651.57
2.87 651.57
2.87 651.57
2.87 651.57
2.88 652.78
2.88 652.78
2.88 652.78
2.88 652.78
2.88 652.78
2.88 652.78
2.88 652.78
2.88 652.78
2.88 652.78
2.88 652.78
2.88 652.78
2.89 653.98
2.89 653.98
2.89 653.98
2.89 653.98
2.89 653.98
2.89 653.98
2.89 653.98
2.89 653.98
2.89 653.98
2.89 653.98
2.89 653.98
2.90 655.17
2.90 655.17
2.90 655.17
2.90 655.17
2.90 655.17
2.90 655.17
2.90 655.17
2.90 655.17
2.90 655.17
2.90 655.17
2.90 655.17
2.91 656.36
2.91 656.36
2.91 656.36
2.91 656.36
2.91 656.36
2.91 656.36
2.91 656.36
2.91 656.36
2.91 656.36
2.91 656.36
2.91 656.36
2.92 657.53
2.92 657.53
2.92 657.53
2.92 657.53
2.92 657.53
2.92 657.53
2.92 657.53
2.92 657.53
2.92 657.53
2.92 657.53
2.92 657.53
2.93 658.70
2.93 658.70
2.93 658.70
2.93 658.70
2.93 658.70
2.93 658.70
2.93 658.70
2.93 658.70
2.93 658.70
2.93 658.70
2.93 658.70
2.94 659.86
2.94 659.86
2.94 659.86
2.94 659.86
2.94 659.86
2.94 659.86
2.94 659.86
2.94 659.86
2.94 659.86
2.94 659.86
2.94 659.86
2.95 661.02
2.95 661.02
2.95 661.02
2.95 661.02
2.95 661.02
2.95 661.02
2.95 661.02
2.95 661.02
2.95 661.02
2.95 661.02
2.95 661.02
2.96 662.16
2.96 662.16
2.96 662.16
2.96 662.16
2.96 662.16
2.96 662.16
2.96 662.16
2.96 662.16
2.96 662.16
2.96 662.16
2.96 662.16
2.97 663.30
2.97 663.30
2.97 663.30
2.97 663.30
2.97 663.30
2.97 663.30
2.97 663.30
2.97 663.30
2.97 663.30
2.97 663.30
2.97 663.30
2.98 664.43
2.98 664.43
2.98 664.43
2.98 664.43
2.98 664.43
2.98 664.43
2.98 664.43
2.98 664.43
2.98 664.43
2.98 664.43
2.98 664.43
2.99 665.55
2.99 665.55
2.99 665.55
2.99 665.55
2.99 665.55
2.99 665.55
2.99 665.55
2.99 665.55
2.99 665.55
2.99 665.55
2.99 665.55
3.00 669.01
3.00 664.30
3.00 669.01
3.00 664.30
3.00 669.01
3.00 664.30
3.00 669.01
3.00 664.30
3.00 669.01
3.00 664.30
3.00 669.01
3.01 699.38
3.01 632.85
3.01 699.38
3.01 632.85
3.01 699.38
3.01 632.85
3.01 699.38
3.01 632.85
3.01 699.38
3.01 632.85
3.01 699.38
3.02 712.51
3.02 618.62
3.02 712.51
3.02 618.62
3.02 712.51
3.02 618.62
3.02 712.51
3.02 618.62
3.02 712.51
3.02 618.62
3.02 712.51
3.03 722.39
3.03 607.64
3.03 722.39
3.03 607.64
3.03 722.39
3.03 607.64
3.03 722.39
3.03 607.64
3.03 722.39
3.03 607.64
3.03 722.39
3.04 730.59
3.04 598.36
3.04 730.59
3.04 598.36
3.04 730.59
3.04 598.36
3.04 730.59
3.04 598.36
3.04 730.59
3.04 598.36
3.04 730.59
3.05 737.70
3.05 590.16
3.05 737.70
3.05 590.16
3.05 737.70
3.05 590.16
3.05 737.70
3.05 590.16
3.05 737.70
3.05 590.16
3.05 737.70
3.06 744.05
3.06 582.75
3.06 744.05
3.06 582.75
3.06 744.05
3.06 582.75
3.06 744.05
3.06 582.75
3.06 744.05
3.06 582.75
3.06 744.05
3.07 749.80
3.07 575.93
3.07 749.80
3.07 575.93
3.07 749.80
3.07 575.93
3.07 749.80
3.07 575.93
3.07 749.80
3.07 575.93
3.07 749.80
3.08 755.08
3.08 569.59
3.08 755.08
3.08 569.59
3.08 755.08
3.08 569.59
3.08 755.08
3.08 569.59
3.08 755.08
3.08 569.59
3.08 755.08
3.09 759.99
3.09 563.64
3.09 759.99
3.09 563.64
3.09 759.99
3.09 563.64
3.09 759.99
3.09 563.64
3.09 759.99
3.09 563.64
3.09 759.99
3.10 764.57
3.10 558.01
3.10 764.57
3.10 558.01
3.10 764.57
3.10 558.01
3.10 764.57
3.10 558.01
3.10 764.57
3.10 558.01
3.10 764.57
3.11 768.87
3.11 552.67
3.11 768.87
3.11 552.67
3.11 768.87
3.11 552.67
3.11 768.87
3.11 552.67
3.11 768.87
3.11 552.67
3.11 768.87
3.12 772.94
3.12 547.57
3.12 772.94
3.12 547.57
3.12 772.94
3.12 547.57
3.12 772.94
3.12 547.57
3.12 772.94
3.12 547.57
3.12 772.94
3.13 776.79
3.13 542.69
3.13 776.79
3.13 542.69
3.13 776.79
3.13 542.69
3.13 776.79
3.13 542.69
3.13 776.79
3.13 542.69
3.13 776.79
3.14 780.46
3.14 538.01
3.14 780.46
3.14 538.01
3.14 780.46
3.14 538.01
3.14 780.46
3.14 538.01
3.14 780.46
3.14 538.01
3.14 780.46
3.15 783.97
3.15 533.49
3.15 783.97
3.15 533.49
3.15 783.97
3.15 533.49
3.15 783.97
3.15 533.49
3.15 783.97
3.15 533.49
3.15 783.97
3.16 787.32
3.16 529.14
3.16 787.32
3.16 529.14
3.16 787.32
3.16 529.14
3.16 787.32
3.16 529.14
3.16 787.32
3.16 529.14
3.16 787.32
3.17 790.53
3.17 524.93
3.17 790.53
3.17 524.93
3.17 790.53
3.17 524.93
3.17 790.53
3.17 524.93
3.17 790.53
3.17 524.93
3.17 790.53
3.18 793.62
3.18 520.85
3.18 793.62
3.18 520.85
3.18 793.62
3.18 520.85
3.18 793.62
3.18 520.85
3.18 793.62
3.18 520.85
3.18 793.62
3.19 796.59
3.19 516.89
3.19 796.59
3.19 516.89
3.19 796.59
3.19 516.89
3.19 796.59
3.19 516.89
3.19 796.59
3.19 516.89
3.19 796.59
3.20 799.46
3.20 513.04
3.20 799.46
3.20 513.04
3.20 799.46
3.20 513.04
3.20 799.46
3.20 513.04
3.20 799.46
3.20 513.04
3.20 799.46
3.21 802.22
3.21 509.30
3.21 802.22
3.21 509.30
3.21 802.22
3.21 509.30
3.21 802.22
3.21 509.30
3.21 802.22
3.21 509.30
3.21 802.22
3.22 804.90
3.22 505.66
3.22 804.90
3.22 505.66
3.22 804.90
3.22 505.66
3.22 804.90
3.22 505.66
3.22 804.90
3.22 505.66
3.22 804.90
3.23 807.49
3.23 502.11
3.23 807.49
3.23 502.11
3.23 807.49
3.23 502.11
3.23 807.49
3.23 502.11
3.23 807.49
3.23 502.11
3.23 807.49
3.24 809.99
3.24 498.65
3.24 809.99
3.24 498.65
3.24 809.99
3.24 498.65
3.24 809.99
3.24 498.65
3.24 809.99
3.24 498.65
3.24 809.99
3.25 812.43
3.25 495.27
3.25 812.43
3.25 495.27
3.25 812.43
3.25 495.27
3.25 812.43
3.25 495.27
3.25 812.43
3.25 495.27
3.25 812.43
3.26 814.79
3.26 491.96
3.26 814.79
3.26 491.96
3.26 814.79
3.26 491.96
3.26 814.79
3.26 491.96
3.26 814.79
3.26 491.96
3.26 814.79
3.27 817.08
3.27 488.73
3.27 817.08
3.27 488.73
3.27 817.08
3.27 488.73
3.27 817.08
3.27 488.73
3.27 817.08
3.27 488.73
3.27 817.08
3.28 819.32
3.28 485.56
3.28 819.32
3.28 485.56
3.28 819.32
3.28 485.56
3.28 819.32
3.28 485.56
3.28 819.32
3.28 485.56
3.28 819.32
3.29 482.46
3.29 821.49
3.29 482.46
3.29 821.49
3.29 482.46
3.29 821.49
3.29 482.46
3.29 821.49
3.29 482.46
3.29 821.49
3.29 482.46
3.30 479.43
3.30 823.60
3.30 479.43
3.30 823.60
3.30 479.43
3.30 823.60
3.30 479.43
3.30 823.60
3.30 479.43
3.30 823.60
3.30 479.43
3.31 476.45
3.31 825.66
3.31 476.45
3.31 825.66
3.31 476.45
3.31 825.66
3.31 476.45
3.31 825.66
3.31 476.45
3.31 825.66
3.31 476.45
3.32 473.53
3.32 827.67
3.32 473.53
3.32 827.67
3.32 473.53
3.32 827.67
3.32 473.53
3.32 827.67
3.32 473.53
3.32 827.67
3.32 473.53
3.33 470.67
3.33 829.63
3.33 470.67
3.33 829.63
3.33 470.67
3.33 829.63
3.33 470.67
3.33 829.63
3.33 470.67
3.33 829.63
3.33 470.67
3.34 467.85
3.34 831.55
3.34 467.85
3.34 831.55
3.34 467.85
3.34 831.55
3.34 467.85
3.34 831.55
3.34 467.85
3.34 831.55
3.34 467.85
3.35 465.09
3.35 833.42
3.35 465.09
3.35 833.42
3.35 465.09
3.35 833.42
3.35 465.09
3.35 833.42
3.35 465.09
3.35 833.42
3.35 465.09
3.36 462.38
3.36 835.24
3.36 462.38
3.36 835.24
3.36 462.38
3.36 835.24
3.36 462.38
3.36 835.24
3.36 462.38
3.36 835.24
3.36 462.38
3.37 459.71
3.37 837.03
3.37 459.71
3.37 837.03
3.37 459.71
3.37 837.03
3.37 459.71
3.37 837.03
3.37 459.71
3.37 837.03
3.37 459.71
3.38 457.08
3.38 838.77
3.38 457.08
3.38 838.77
3.38 457.08
3.38 838.77
3.38 457.08
3.38 838.77
3.38 457.08
3.38 838.77
3.38 457.08
3.39 454.50
3.39 840.48
3.39 454.50
3.39 840.48
3.39 454.50
3.39 840.48
3.39 454.50
3.39 840.48
3.39 454.50
3.39 840.48
3.39 454.50
3.40 451.96
3.40 842.15
3.40 451.96
3.40 842.15
3.40 451.96
3.40 842.15
3.40 451.96
3.40 842.15
3.40 451.96
3.40 842.15
3.40 451.96
3.41 449.46
3.41 843.79
3.41 449.46
3.41 843.79
3.41 449.46
3.41 843.79
3.41 449.46
3.41 843.79
3.41 449.46
3.41 843.79
3.41 449.46
3.42 447.00
3.42 845.39
3.42 447.00
3.42 845.39
3.42 447.00
3.42 845.39
3.42 447.00
3.42 845.39
3.42 447.00
3.42 845.39
3.42 447.00
3.43 444.58
3.43 846.97
3.43 444.58
3.43 846.97
3.43 444.58
3.43 846.97
3.43 444.58
3.43 846.97
3.43 444.58
3.43 846.97
3.43 444.58
3.44 442.19
3.44 848.50
3.44 442.19
3.44 848.50
3.44 442.19
3.44 848.50
3.44 442.19
3.44 848.50
3.44 442.19
3.44 848.50
3.44 442.19
3.45 445.97
3.45 852.43
3.45 433.99
3.45 847.47
3.45 445.97
3.45 852.43
3.45 433.99
3.45 847.47
3.45 445.97
3.45 852.43
3.45 433.99
3.46 467.49
3.46 861.34
3.46 413.23
3.46 838.95
3.46 467.49
3.46 861.34
3.46 413.23
3.46 838.95
3.46 467.49
3.46 861.34
3.46 413.23
3.47 478.56
3.47 865.91
3.47 402.91
3.47 834.79
3.47 478.56
3.47 865.91
3.47 402.91
3.47 834.79
3.47 478.56
3.47 865.91
3.47 402.91
3.48 395.06
3.48 831.68
3.48 487.16
3.48 869.43
3.48 395.06
3.48 831.68
3.48 487.16
3.48 869.43
3.48 395.06
3.48 831.68
3.48 487.16
3.49 388.52
3.49 829.13
3.49 494.45
3.49 872.39
3.49 388.52
3.49 829.13
3.49 494.45
3.49 872.39
3.49 388.52
3.49 829.13
3.49 494.45
3.50 382.82
3.50 826.94
3.50 500.88
3.50 875.00
3.50 382.82
3.50 826.94
3.50 500.88
3.50 875.00
3.50 382.82
3.50 826.94
3.50 500.88
3.51 377.72
3.51 825.02
3.51 506.71
3.51 877.34
3.51 377.72
3.51 825.02
3.51 506.71
3.51 877.34
3.51 377.72
3.51 825.02
3.51 506.71
3.52 373.08
3.52 823.30
3.52 512.08
3.52 879.49
3.52 373.08
3.52 823.30
3.52 512.08
3.52 879.49
3.52 373.08
3.52 823.30
3.52 512.08
3.53 368.81
3.53 821.75
3.53 517.07
3.53 881.47
3.53 368.81
3.53 821.75
3.53 517.07
3.53 881.47
3.53 368.81
3.53 821.75
3.53 517.07
3.54 364.84
3.54 820.33
3.54 521.75
3.54 883.32
3.54 364.84
3.54 820.33
3.54 521.75
3.54 883.32
3.54 364.84
3.54 820.33
3.54 521.75
3.55 354.80
3.55 812.66
3.55 540.47
3.55 881.68
3.55 370.33
3.55 827.81
3.55 506.03
3.55 887.37
3.55 354.80
3.55 812.66
3.55 540.47
3.56 348.82
3.56 808.64
3.56 550.88
3.56 880.78
3.56 373.81
3.56 833.31
3.56 494.49
3.56 889.89
3.56 348.82
3.56 808.64
3.56 550.88
3.57 343.56
3.57 805.13
3.57 560.12
3.57 879.60
3.57 378.09
3.57 839.44
3.57 481.17
3.57 891.23
3.57 346.06
3.57 807.90
3.57 554.05
3.58 352.44
3.58 817.05
3.58 535.13
3.58 890.58
3.58 348.85
3.58 813.21
3.58 543.79
3.58 888.13
3.58 355.68
3.58 820.43
3.58 527.41
3.59 372.47
3.59 839.11
3.59 484.66
3.59 896.66
3.59 332.67
3.59 796.98
3.59 580.88
3.59 874.02
3.59 395.30
3.59 858.15
3.59 437.02
3.60 431.53
3.60 883.12
3.60 371.58
3.60 840.63
3.60 482.30
3.60 898.87
3.60 327.24
3.60 792.56
3.60 591.88
3.60 869.61
3.60 408.20
3.61 601.71
3.61 865.15
3.61 421.15
3.61 880.06
3.61 381.06
3.61 851.43
3.61 456.65
3.61 895.72
3.61 337.21
3.61 806.83
3.61 562.64
3.62 453.69
3.62 897.24
3.62 333.77
3.62 804.97
3.62 568.31
3.62 888.11
3.62 359.73
3.62 833.77
3.62 501.72
3.62 904.99
3.62 311.26
3.63 305.10
3.63 769.60
3.63 643.65
3.63 832.60
3.63 505.95
3.63 907.37
3.63 305.10
3.63 769.60
3.63 643.65
3.63 832.60
3.63 505.95
3.64 622.56
3.64 855.32
3.64 450.44
3.64 901.06
3.64 324.51
3.64 797.90
3.64 586.98
3.64 882.46
3.64 377.55
3.64 855.42
3.64 450.19
3.65 329.90
3.65 806.89
3.65 568.74
3.65 895.25
3.65 342.28
3.65 821.71
3.65 534.74
3.65 908.10
3.65 304.62
3.65 773.17
3.65 640.13
3.66 457.86
3.66 908.50
3.66 304.25
3.66 774.75
3.66 638.71
3.66 844.58
3.66 480.42
3.66 913.60
3.66 288.91
3.66 751.92
3.66 682.73
3.67 305.49
3.67 778.64
3.67 632.55
3.67 853.02
3.67 460.14
3.67 911.67
3.67 295.54
3.67 764.08
3.67 661.56
3.67 821.71
3.67 537.67
3.68 781.57
3.68 628.25
3.68 859.47
3.68 444.48
3.68 908.65
3.68 305.44
3.68 780.71
3.68 630.03
3.68 857.78
3.68 448.95
3.68 910.41
3.69 766.48
3.69 660.46
3.69 827.49
3.69 526.75
3.69 919.86
3.69 272.02
3.69 730.71
3.69 726.09
3.69 733.87
3.69 720.67
3.69 742.81
3.70 730.89
3.70 727.74
3.70 733.09
3.70 723.97
3.70 739.39
3.70 712.96
3.70 757.20
3.70 680.24
3.70 804.80
3.70 581.27
3.70 900.56
3.71 764.60
3.71 667.75
3.71 823.09
3.71 540.21
3.71 921.50
3.71 268.37
3.71 728.45
3.71 733.88
3.71 724.57
3.71 740.39
3.71 713.10
3.72 708.73
3.72 767.93
3.72 662.96
3.72 831.21
3.72 521.91
3.72 928.21
3.72 247.87
3.72 693.52
3.72 790.68
3.72 615.68
3.72 880.22
3.73 749.11
3.73 701.03
3.73 781.75
3.73 636.39
3.73 863.11
3.73 440.70
3.73 919.38
3.73 276.46
3.73 746.11
3.73 706.57
3.73 773.33
3.74 842.54
3.74 496.18
3.74 934.95
3.74 227.48
3.74 657.23
3.74 842.54
3.74 496.18
3.74 934.95
3.74 227.48
3.74 657.23
3.74 842.54
3.75 927.16
3.75 253.26
3.75 709.20
3.75 773.38
3.75 657.23
3.75 844.80
3.75 491.68
3.75 937.24
3.75 220.58
3.75 644.71
3.75 858.97
3.76 511.86
3.76 939.47
3.76 213.81
3.76 632.04
3.76 874.44
3.76 412.82
3.76 911.42
3.76 303.55
3.76 794.89
3.76 613.04
3.76 891.95
3.77 625.51
3.77 883.11
3.77 389.17
3.77 896.19
3.77 350.73
3.77 858.50
3.77 457.96
3.77 935.84
3.77 226.37
3.77 660.23
3.77 845.71
3.78 596.74
3.78 909.63
3.78 310.74
3.78 809.60
3.78 582.67
3.78 919.17
3.78 280.85
3.78 763.46
3.78 682.62
3.78 818.93
3.78 560.51
3.79 850.30
3.79 482.42
3.79 946.33
3.79 192.50
3.79 589.12
3.79 917.40
3.79 287.21
3.79 775.89
3.79 659.03
3.79 851.65
3.79 478.84
3.80 947.77
3.80 188.10
3.80 580.33
3.80 925.48
3.80 262.08
3.80 734.89
3.80 740.34
3.80 730.50
3.80 748.10
3.80 716.09
3.80 772.55
3.81 615.54
3.81 901.64
3.81 337.88
3.81 852.37
3.81 479.44
3.81 950.89
3.81 177.92
3.81 557.27
3.81 940.01
3.81 214.87
3.81 642.74
3.82 173.91
3.82 548.80
3.82 945.90
3.82 195.47
3.82 600.73
3.82 916.24
3.82 293.16
3.82 791.58
3.82 630.24
3.82 890.21
3.82 373.36
3.83 957.42
3.83 156.15
3.83 504.67
3.83 957.42
3.83 156.15
3.83 504.67
3.83 957.42
3.83 156.15
3.83 504.67
3.83 957.42
3.83 156.15
3.84 488.00
3.84 959.45
3.84 149.41
3.84 488.00
3.84 959.45
3.84 149.41
3.84 488.00
3.84 959.45
3.84 149.41
3.84 488.00
3.84 959.45
3.85 467.75
3.85 958.50
3.85 153.16
3.85 499.34
3.85 962.50
3.85 138.97
3.85 460.67
3.85 956.55
3.85 160.03
3.85 517.52
3.85 961.32
3.86 544.90
3.86 957.22
3.86 158.07
3.86 513.70
3.86 964.28
3.86 132.97
3.86 445.02
3.86 953.33
3.86 171.73
3.86 549.05
3.86 955.71
3.87 967.34
3.87 122.28
3.87 415.34
3.87 939.76
3.87 219.07
3.87 662.07
3.87 865.85
3.87 449.52
3.87 957.64
3.87 156.99
3.87 512.18
3.88 930.09
3.88 252.28
3.88 731.91
3.88 761.33
3.88 705.02
3.88 806.92
3.88 604.51
3.88 927.62
3.88 260.50
3.88 747.44
3.88 732.45
3.89 522.33
3.89 970.56
3.89 111.15
3.89 384.30
3.89 920.43
3.89 284.90
3.89 792.51
3.89 639.66
3.89 896.63
3.89 360.55
3.89 896.85
3.90 341.82
3.90 877.42
3.90 419.45
3.90 949.70
3.90 186.31
3.90 591.24
3.90 942.53
3.90 211.25
3.90 649.82
3.90 887.46
3.90 389.52
3.91 949.92
3.91 186.02
3.91 592.03
3.91 944.39
3.91 205.36
3.91 638.06
3.91 902.97
3.91 342.58
3.91 880.60
3.91 411.11
3.91 946.60
3.92 962.48
3.92 141.55
3.92 476.34
3.92 977.81
3.92 85.07
3.92 305.11
3.92 831.10
3.92 550.25
3.92 970.10
3.92 113.70
3.92 395.02
3.93 716.99
3.93 797.47
3.93 634.75
3.93 911.14
3.93 318.19
3.93 852.59
3.93 493.92
3.93 982.35
3.93 68.12
3.93 249.48
3.93 735.86
3.94 254.05
3.94 746.66
3.94 745.28
3.94 747.96
3.94 742.76
3.94 752.81
3.94 733.19
3.94 770.76
3.94 696.15
3.94 833.40
3.94 547.04
3.95 545.86
3.95 979.19
3.95 80.48
3.95 292.30
3.95 817.10
3.95 590.32
3.95 955.28
3.95 168.76
3.95 554.11
3.95 975.93
3.95 92.77
3.96 39.93
3.96 151.81
3.96 509.89
3.96 989.61
3.96 40.71
3.96 154.64
3.96 517.67
3.96 988.76
3.96 44.00
3.96 166.56
3.96 549.72
3.97 463.78
3.97 987.29
3.97 49.81
3.97 187.88
3.97 605.74
3.97 948.11
3.97 195.32
3.97 623.97
3.97 931.49
3.97 253.36
3.97 751.00
3.98 893.97
3.98 377.26
3.98 935.04
3.98 241.73
3.98 729.53
3.98 785.32
3.98 671.00
3.98 878.63
3.98 424.43
3.98 972.27
3.98 107.29
3.99 180.22
3.99 589.48
3.99 965.55
3.99 132.72
3.99 459.27
3.99 990.88
3.99 36.05
3.99 138.66
3.99 476.53
3.99 995.30
3.99 18.66
4.00 763.60
4.00 722.07
4.00 802.74
4.00 633.39
4.00 928.83
4.00 264.42
4.00 778.01
4.00 690.85
4.00 854.31
4.00 497.86
4.00 999.98
